1 1 3 0.00316228 0 0
1 1 3 0.0040582 109.755 1
1 1 3 0.00520795 14.5965 1
1 1 3 0.00668344 27.8949 1
1 1 3 0.00857696 31.5653 1
1 1 3 0.0110069 14.6488 2
1 1 3 0.0141254 9.62335 3
1 1 3 0.0181273 22.6205 3
1 1 3 0.0232631 27.209 4
1 1 3 0.0298538 13.487 6
1 1 3 0.0383119 11.0826 7
1 1 3 0.0491662 4.04765 9
1 1 3 0.0630957 8.57267 11
2 1 3 0.00316228 0 0
2 1 3 0.0040582 24.7985 1
2 1 3 0.00520795 11.1017 1
2 1 3 0.00668344 54.8086 1
2 1 3 0.00857696 4.82171 1
2 1 3 0.0110069 40.8452 2
2 1 3 0.0141254 63.1695 3
2 1 3 0.0181273 34.4893 3
2 1 3 0.0232631 78.5496 4
2 1 3 0.0298538 43.9414 6
2 1 3 0.0383119 15.7995 7
2 1 3 0.0491662 21.823 9
2 1 3 0.0630957 20.0124 11
4 0 3 0.00316228 0 0
4 0 3 0.0040582 10.7488 1
4 0 3 0.00520795 0 0
4 0 3 0.00668344 0 0
4 0 3 0.00857696 77.1294 1
4 0 3 0.0110069 0 0
4 0 3 0.0141254 0.820128 1
4 0 3 0.0181273 67.6802 1
4 0 3 0.0232631 17.7967 2
4 0 3 0.0298538 22.5789 2
4 0 3 0.0383119 13.6269 2
4 0 3 0.0491662 8.32707 3
4 0 3 0.0630957 6.44383 4
4 1 3 0.00316228 18.7332 1
4 1 3 0.0040582 12.5269 1
4 1 3 0.00520795 7.40075 1
4 1 3 0.00668344 23.9086 1
4 1 3 0.00857696 147.084 2
4 1 3 0.0110069 102.105 3
4 1 3 0.0141254 121.727 3
4 1 3 0.0181273 50.059 4
4 1 3 0.0232631 79.9775 5
4 1 3 0.0298538 39.6739 7
4 1 3 0.0383119 50.5162 9
4 1 3 0.0491662 21.5413 11
4 1 3 0.0630957 21.4257 15
4 2 3 0.00316228 0 0
4 2 3 0.0040582 7.11108 1
4 2 3 0.00520795 0 0
4 2 3 0.00668344 0 0
4 2 3 0.00857696 9.18597 1
4 2 3 0.0110069 0 0
4 2 3 0.0141254 2.58138 1
4 2 3 0.0181273 11.1159 1
4 2 3 0.0232631 -7.07538 2
4 2 3 0.0298538 3.85614 2
4 2 3 0.0383119 10.504 2
4 2 3 0.0491662 3.70587 3
4 2 3 0.0630957 0.455204 3
5 0 3 0.00316228 0 0
5 0 3 0.0040582 25.5789 1
5 0 3 0.00520795 0 0
5 0 3 0.00668344 0 0
5 0 3 0.00857696 39.9201 1
5 0 3 0.0110069 15.5491 1
5 0 3 0.0141254 48.0365 1
5 0 3 0.0181273 2.49471 1
5 0 3 0.0232631 26.6147 1
5 0 3 0.0298538 22.5383 2
5 0 3 0.0383119 24.0869 3
5 0 3 0.0491662 8.75249 3
5 0 3 0.0630957 15.938 4
5 1 3 0.00316228 28.69 1
5 1 3 0.0040582 18.0702 1
5 1 3 0.00520795 52.6538 1
5 1 3 0.00668344 16.1038 2
5 1 3 0.00857696 13.1928 2
5 1 3 0.0110069 8.82407 2
5 1 3 0.0141254 11.6881 3
5 1 3 0.0181273 65.7138 5
5 1 3 0.0232631 39.5969 5
5 1 3 0.0298538 53.3569 7
5 1 3 0.0383119 62.4755 9
5 1 3 0.0491662 26.1514 11
5 1 3 0.0630957 16.9412 15
5 2 3 0.00316228 0 0
5 2 3 0.0040582 -2.06695 1
5 2 3 0.00520795 0 0
5 2 3 0.00668344 0 0
5 2 3 0.00857696 16.3006 1
5 2 3 0.0110069 -6.47227 1
5 2 3 0.0141254 24.8783 1
5 2 3 0.0181273 1.71707 1
5 2 3 0.0232631 16.9125 1
5 2 3 0.0298538 10.2767 2
5 2 3 0.0383119 16.5717 3
5 2 3 0.0491662 -1.28503 3
5 2 3 0.0630957 2.76556 4
7 0 3 0.00316228 96.6878 1
7 0 3 0.0040582 0 0
7 0 3 0.00520795 0 0
7 0 3 0.00668344 12.7482 1
7 0 3 0.00857696 0 0
7 0 3 0.0110069 9.75042 1
7 0 3 0.0141254 4.84328 1
7 0 3 0.0181273 5.32727 1
7 0 3 0.0232631 52.5756 2
7 0 3 0.0298538 21.1589 2
7 0 3 0.0383119 26.8888 3
7 0 3 0.0491662 14.0975 3
7 0 3 0.0630957 4.44559 5
7 1 3 0.00316228 29.2983 1
7 1 3 0.0040582 5.36945 1
7 1 3 0.00520795 5.46874 1
7 1 3 0.00668344 145.31 2
7 1 3 0.00857696 19.0525 2
7 1 3 0.0110069 4.39342 2
7 1 3 0.0141254 49.9094 4
7 1 3 0.0181273 60.2561 4
7 1 3 0.0232631 48.8856 6
7 1 3 0.0298538 49.1788 7
7 1 3 0.0383119 39.44 9
7 1 3 0.0491662 18.8275 12
7 1 3 0.0630957 19.8049 15
7 2 3 0.00316228 51.3915 1
7 2 3 0.0040582 0 0
7 2 3 0.00520795 0 0
7 2 3 0.00668344 17.9413 1
7 2 3 0.00857696 0 0
7 2 3 0.0110069 3.92355 1
7 2 3 0.0141254 7.81755 1
7 2 3 0.0181273 3.95018 1
7 2 3 0.0232631 45.97 2
7 2 3 0.0298538 25.6747 2
7 2 3 0.0383119 6.08874 3
7 2 3 0.0491662 -0.777093 3
7 2 3 0.0630957 1.41485 5
8 0 3 0.00316228 4.4576 1
8 0 3 0.0040582 0 0
8 0 3 0.00520795 41.2354 1
8 0 3 0.00668344 6.28755 1
8 0 3 0.00857696 5.37727 1
8 0 3 0.0110069 73.8578 2
8 0 3 0.0141254 26.0103 2
8 0 3 0.0181273 18.2458 2
8 0 3 0.0232631 35.4726 4
8 0 3 0.0298538 23.4089 4
8 0 3 0.0383119 44.348 6
8 0 3 0.0491662 39.1583 7
8 0 3 0.0630957 19.8067 9
8 1 3 0.00316228 44.5915 1
8 1 3 0.0040582 0.432093 1
8 1 3 0.00520795 16.5027 2
8 1 3 0.00668344 29.9261 2
8 1 3 0.00857696 17.1569 3
8 1 3 0.0110069 98.0095 3
8 1 3 0.0141254 137.572 5
8 1 3 0.0181273 166.492 5
8 1 3 0.0232631 72.0284 8
8 1 3 0.0298538 43.035 9
8 1 3 0.0383119 48.7905 12
8 1 3 0.0491662 21.0395 15
8 1 3 0.0630957 26.6657 20
8 2 3 0.00316228 4.59731 1
8 2 3 0.0040582 0 0
8 2 3 0.00520795 -22.6577 1
8 2 3 0.00668344 -10.0979 1
8 2 3 0.00857696 1.27285 1
8 2 3 0.0110069 43.2226 2
8 2 3 0.0141254 -0.425569 2
8 2 3 0.0181273 41.2098 2
8 2 3 0.0232631 -0.153342 4
8 2 3 0.0298538 0.173521 4
8 2 3 0.0383119 23.43 6
8 2 3 0.0491662 0.480284 7
8 2 3 0.0630957 6.54344 9
11 0 3 0.00316228 7.24061 1
11 0 3 0.0040582 0 0
11 0 3 0.00520795 32.2056 1
11 0 3 0.00668344 3.85627 1
11 0 3 0.00857696 197.613 2
11 0 3 0.0110069 31.3874 1
11 0 3 0.0141254 35.5943 3
11 0 3 0.0181273 71.4802 2
11 0 3 0.0232631 41.523 4
11 0 3 0.0298538 51.4476 5
11 0 3 0.0383119 54.0324 6
11 0 3 0.0491662 39.4813 8
11 0 3 0.0630957 7.38979 9
11 1 3 0.00316228 64.8186 1
11 1 3 0.0040582 15.4835 1
11 1 3 0.00520795 255.611 2
11 1 3 0.00668344 42.6529 2
11 1 3 0.00857696 175.715 3
11 1 3 0.0110069 99.4335 4
11 1 3 0.0141254 29.0046 4
11 1 3 0.0181273 90.1817 6
11 1 3 0.0232631 58.1 8
11 1 3 0.0298538 40.5401 9
11 1 3 0.0383119 69.2387 13
11 1 3 0.0491662 29.8028 16
11 1 3 0.0630957 25.3704 20
11 2 3 0.00316228 18.3632 1
11 2 3 0.0040582 0 0
11 2 3 0.00520795 36.6343 1
11 2 3 0.00668344 -2.90239 1
11 2 3 0.00857696 155.725 2
11 2 3 0.0110069 19.4782 1
11 2 3 0.0141254 11.9749 3
11 2 3 0.0181273 54.149 2
11 2 3 0.0232631 2.78865 4
11 2 3 0.0298538 43.7918 5
11 2 3 0.0383119 24.8705 6
11 2 3 0.0491662 16.2817 7
11 2 3 0.0630957 4.27983 10
13 0 3 0.00316228 0 0
13 0 3 0.0040582 70.5823 1
13 0 3 0.00520795 30.2963 1
13 0 3 0.00668344 29.0765 2
13 0 3 0.00857696 11.9557 1
13 0 3 0.0110069 49.4439 3
13 0 3 0.0141254 38.4682 3
13 0 3 0.0181273 45.1947 3
13 0 3 0.0232631 71.164 5
13 0 3 0.0298538 58.2642 6
13 0 3 0.0383119 37.9322 8
13 0 3 0.0491662 15.9523 10
13 0 3 0.0630957 23.9396 13
13 1 3 0.00316228 3.92946 1
13 1 3 0.0040582 7.69264 1
13 1 3 0.00520795 164.91 2
13 1 3 0.00668344 86.0399 3
13 1 3 0.00857696 101.936 3
13 1 3 0.0110069 72.1441 4
13 1 3 0.0141254 60.9603 5
13 1 3 0.0181273 83.5462 7
13 1 3 0.0232631 114.339 9
13 1 3 0.0298538 118.442 11
13 1 3 0.0383119 61.9506 14
13 1 3 0.0491662 66.1841 18
13 1 3 0.0630957 32.9822 24
13 2 3 0.00316228 0 0
13 2 3 0.0040582 -1.22259 1
13 2 3 0.00520795 28.8947 1
13 2 3 0.00668344 15.4813 2
13 2 3 0.00857696 8.36626 1
13 2 3 0.0110069 39.5016 3
13 2 3 0.0141254 4.6042 3
13 2 3 0.0181273 21.9574 3
13 2 3 0.0232631 27.0424 5
13 2 3 0.0298538 -23.6259 6
13 2 3 0.0383119 4.91285 8
13 2 3 0.0491662 8.65922 10
13 2 3 0.0630957 6.14955 13
14 1 3 0.00316228 11.5316 1
14 1 3 0.0040582 25.2683 2
14 1 3 0.00520795 79.2874 2
14 1 3 0.00668344 121.412 3
14 1 3 0.00857696 94.2233 4
14 1 3 0.0110069 81.6464 4
14 1 3 0.0141254 36.732 6
14 1 3 0.0181273 99.8565 7
14 1 3 0.0232631 113.037 10
14 1 3 0.0298538 97.7353 12
14 1 3 0.0383119 53.8594 16
14 1 3 0.0491662 46.9975 20
14 1 3 0.0630957 35.7157 26
16 0 3 0.00316228 29.0462 1
16 0 3 0.0040582 25.8894 1
16 0 3 0.00520795 80.6611 2
16 0 3 0.00668344 11.8119 1
16 0 3 0.00857696 86.8499 3
16 0 3 0.0110069 62.2839 3
16 0 3 0.0141254 125.704 3
16 0 3 0.0181273 38.8984 5
16 0 3 0.0232631 118.515 6
16 0 3 0.0298538 75.9646 8
16 0 3 0.0383119 56.5704 10
16 0 3 0.0491662 85.9375 13
16 0 3 0.0630957 17.8351 17
16 1 3 0.00316228 9.3502 2
16 1 3 0.0040582 44.7839 1
16 1 3 0.00520795 107.154 3
16 1 3 0.00668344 258.297 3
16 1 3 0.00857696 26.9289 3
16 1 3 0.0110069 64.0255 5
16 1 3 0.0141254 72.6907 6
16 1 3 0.0181273 69.1717 8
16 1 3 0.0232631 93.012 10
16 1 3 0.0298538 86.691 13
16 1 3 0.0383119 83.1935 16
16 1 3 0.0491662 65.31 21
16 1 3 0.0630957 49.2477 28
16 2 3 0.00316228 -2.59316 1
16 2 3 0.0040582 28.2598 1
16 2 3 0.00520795 16.4275 2
16 2 3 0.00668344 2.69735 1
16 2 3 0.00857696 66.4914 3
16 2 3 0.0110069 25.6387 3
16 2 3 0.0141254 26.1801 3
16 2 3 0.0181273 22.5777 5
16 2 3 0.0232631 83.848 6
16 2 3 0.0298538 42.8079 8
16 2 3 0.0383119 37.3048 10
16 2 3 0.0491662 29.3327 13
16 2 3 0.0630957 3.19689 17
19 0 3 0.00316228 0 0
19 0 3 0.0040582 77.263 1
19 0 3 0.00520795 30.592 1
19 0 3 0.00668344 38.1797 1
19 0 3 0.00857696 76.8797 2
19 0 3 0.0110069 38.4616 2
19 0 3 0.0141254 20.9739 2
19 0 3 0.0181273 119.419 4
19 0 3 0.0232631 23.3277 4
19 0 3 0.0298538 64.4371 6
19 0 3 0.0383119 61.672 7
19 0 3 0.0491662 20.3963 9
19 0 3 0.0630957 11.9486 12
19 1 3 0.00316228 116.859 2
19 1 3 0.0040582 41.394 1
19 1 3 0.00520795 183.758 3
19 1 3 0.00668344 73.7952 3
19 1 3 0.00857696 63.861 3
19 1 3 0.0110069 51.2629 5
19 1 3 0.0141254 91.0914 6
19 1 3 0.0181273 178.914 8
19 1 3 0.0232631 70.5786 10
19 1 3 0.0298538 60.0321 13
19 1 3 0.0383119 75.1376 16
19 1 3 0.0491662 84.6875 22
19 1 3 0.0630957 56.1773 27
19 2 3 0.00316228 0 0
19 2 3 0.0040582 69.4072 1
19 2 3 0.00520795 0.362492 1
19 2 3 0.00668344 -6.62833 1
19 2 3 0.00857696 1.01692 2
19 2 3 0.0110069 9.21086 2
19 2 3 0.0141254 22.8691 2
19 2 3 0.0181273 67.146 4
19 2 3 0.0232631 2.64882 4
19 2 3 0.0298538 15.7037 6
19 2 3 0.0383119 31.09 7
19 2 3 0.0491662 20.049 9
19 2 3 0.0630957 1.96671 11
20 1 3 0.00316228 22.7995 2
20 1 3 0.0040582 34.7029 1
20 1 3 0.00520795 43.1194 3
20 1 3 0.00668344 123.471 3
20 1 3 0.00857696 27.2649 3
20 1 3 0.0110069 57.2711 5
20 1 3 0.0141254 35.6899 6
20 1 3 0.0181273 24.3164 8
20 1 3 0.0232631 41.1509 10
20 1 3 0.0298538 57.9322 13
20 1 3 0.0383119 50.1709 16
20 1 3 0.0491662 35.2778 22
20 1 3 0.0630957 22.1407 27
21 0 3 0.00316228 2.79649 1
21 0 3 0.0040582 49.7093 1
21 0 3 0.00520795 15.126 2
21 0 3 0.00668344 102.618 2
21 0 3 0.00857696 60.3853 2
21 0 3 0.0110069 121.22 4
21 0 3 0.0141254 111.248 4
21 0 3 0.0181273 162.045 6
21 0 3 0.0232631 22.361 7
21 0 3 0.0298538 36.2432 9
21 0 3 0.0383119 88.7374 12
21 0 3 0.0491662 35.1491 15
21 0 3 0.0630957 23.5648 19
21 1 3 0.00316228 148.393 2
21 1 3 0.0040582 70.7953 1
21 1 3 0.00520795 135.086 3
21 1 3 0.00668344 56.503 3
21 1 3 0.00857696 83.7286 3
21 1 3 0.0110069 81.514 5
21 1 3 0.0141254 131.599 6
21 1 3 0.0181273 51.2337 8
21 1 3 0.0232631 77.2395 10
21 1 3 0.0298538 78.2882 13
21 1 3 0.0383119 64.808 16
21 1 3 0.0491662 68.1542 22
21 1 3 0.0630957 34.3738 27
21 2 3 0.00316228 26.8818 1
21 2 3 0.0040582 29.6506 1
21 2 3 0.00520795 13.6131 2
21 2 3 0.00668344 -9.47066 1
21 2 3 0.00857696 45.6213 3
21 2 3 0.0110069 2.47709 3
21 2 3 0.0141254 13.1085 3
21 2 3 0.0181273 22.1979 5
21 2 3 0.0232631 -8.26775 6
21 2 3 0.0298538 1.04196 8
21 2 3 0.0383119 16.8322 10
21 2 3 0.0491662 13.0304 13
21 2 3 0.0630957 4.18115 17
22 0 3 0.00316228 16.3418 1
22 0 3 0.0040582 37.4876 1
22 0 3 0.00520795 84.9266 2
22 0 3 0.00668344 85.8008 2
22 0 3 0.00857696 136.723 3
22 0 3 0.0110069 106.258 4
22 0 3 0.0141254 60.9045 4
22 0 3 0.0181273 147.71 6
22 0 3 0.0232631 74.8735 7
22 0 3 0.0298538 67.7503 10
22 0 3 0.0383119 87.5486 12
22 0 3 0.0491662 58.1453 16
22 0 3 0.0630957 35.92 20
22 1 3 0.00316228 121.362 2
22 1 3 0.0040582 7.01042 1
22 1 3 0.00520795 31.7617 3
22 1 3 0.00668344 119.744 3
22 1 3 0.00857696 53.4539 3
22 1 3 0.0110069 116.875 5
22 1 3 0.0141254 60.2308 6
22 1 3 0.0181273 174.693 8
22 1 3 0.0232631 128.439 10
22 1 3 0.0298538 101.903 13
22 1 3 0.0383119 94.6241 16
22 1 3 0.0491662 64.6201 22
22 1 3 0.0630957 62.6778 27
22 2 3 0.00316228 3.92501 1
22 2 3 0.0040582 -5.2865 1
22 2 3 0.00520795 10.6713 2
22 2 3 0.00668344 35.4375 1
22 2 3 0.00857696 80.342 3
22 2 3 0.0110069 49.5573 3
22 2 3 0.0141254 13.0497 3
22 2 3 0.0181273 110.342 5
22 2 3 0.0232631 33.3595 6
22 2 3 0.0298538 29.9161 8
22 2 3 0.0383119 6.17038 10
22 2 3 0.0491662 11.0269 13
22 2 3 0.0630957 9.3869 17
23 0 3 0.00316228 15.8686 1
23 0 3 0.0040582 108.534 1
23 0 3 0.00520795 20.0712 1
23 0 3 0.00668344 56.7001 2
23 0 3 0.00857696 31.8455 2
23 0 3 0.0110069 48.0916 3
23 0 3 0.0141254 18.6187 3
23 0 3 0.0181273 25.8348 5
23 0 3 0.0232631 54.6296 5
23 0 3 0.0298538 45.1565 8
23 0 3 0.0383119 38.9125 9
23 0 3 0.0491662 36.7459 12
23 0 3 0.0630957 29.787 15
23 1 3 0.00316228 193.263 2
23 1 3 0.0040582 31.665 1
23 1 3 0.00520795 134.856 3
23 1 3 0.00668344 63.2642 3
23 1 3 0.00857696 96.8046 3
23 1 3 0.0110069 149.2 5
23 1 3 0.0141254 77.1078 6
23 1 3 0.0181273 124.473 8
23 1 3 0.0232631 102.907 10
23 1 3 0.0298538 94.0836 13
23 1 3 0.0383119 82.0636 16
23 1 3 0.0491662 68.4591 22
23 1 3 0.0630957 35.8492 27
23 2 3 0.00316228 18.3147 1
23 2 3 0.0040582 70.0319 1
23 2 3 0.00520795 15.2845 1
23 2 3 0.00668344 -15.9866 2
23 2 3 0.00857696 0.984884 2
23 2 3 0.0110069 -5.65277 3
23 2 3 0.0141254 12.8447 3
23 2 3 0.0181273 4.27651 5
23 2 3 0.0232631 -12.3503 5
23 2 3 0.0298538 -20.3361 8
23 2 3 0.0383119 -9.52896 9
23 2 3 0.0491662 -4.5721 12
23 2 3 0.0630957 3.24312 15
24 0 3 0.00316228 57.9353 1
24 0 3 0.0040582 20.7621 1
24 0 3 0.00520795 105.415 2
24 0 3 0.00668344 140.66 3
24 0 3 0.00857696 34.0464 3
24 0 3 0.0110069 49.3044 4
24 0 3 0.0141254 94.4848 6
24 0 3 0.0181273 94.4291 7
24 0 3 0.0232631 96.0317 8
24 0 3 0.0298538 108.189 12
24 0 3 0.0383119 57.8042 14
24 0 3 0.0491662 63.9185 19
24 0 3 0.0630957 34.4629 24
24 1 3 0.00316228 184.126 2
24 1 3 0.0040582 27.6397 1
24 1 3 0.00520795 126.319 3
24 1 3 0.00668344 87.0877 3
24 1 3 0.00857696 31.6365 3
24 1 3 0.0110069 41.5988 5
24 1 3 0.0141254 55.6417 6
24 1 3 0.0181273 204.428 8
24 1 3 0.0232631 106.187 10
24 1 3 0.0298538 89.4817 13
24 1 3 0.0383119 60.4683 16
24 1 3 0.0491662 55.7025 22
24 1 3 0.0630957 35.5172 27
24 2 3 0.00316228 138.088 1
24 2 3 0.0040582 3.66496 1
24 2 3 0.00520795 31.9624 2
24 2 3 0.00668344 -5.83606 1
24 2 3 0.00857696 28.6939 3
24 2 3 0.0110069 -0.378826 3
24 2 3 0.0141254 4.85697 3
24 2 3 0.0181273 5.36782 5
24 2 3 0.0232631 52.8286 6
24 2 3 0.0298538 29.5822 8
24 2 3 0.0383119 14.254 10
24 2 3 0.0491662 16.6546 13
24 2 3 0.0630957 6.51267 17
25 0 3 0.00316228 145.588 1
25 0 3 0.0040582 29.6996 1
25 0 3 0.00520795 66.0028 2
25 0 3 0.00668344 93.9361 3
25 0 3 0.00857696 95.8412 3
25 0 3 0.0110069 59.4778 4
25 0 3 0.0141254 128.989 6
25 0 3 0.0181273 108.633 7
25 0 3 0.0232631 91.0436 8
25 0 3 0.0298538 94.1947 12
25 0 3 0.0383119 102.455 14
25 0 3 0.0491662 51.0024 19
25 0 3 0.0630957 29.2262 24
25 1 3 0.00316228 90.0445 2
25 1 3 0.0040582 6.27605 1
25 1 3 0.00520795 74.2272 3
25 1 3 0.00668344 120.862 3
25 1 3 0.00857696 146.431 3
25 1 3 0.0110069 111.608 5
25 1 3 0.0141254 195.648 6
25 1 3 0.0181273 93.0622 8
25 1 3 0.0232631 130.787 10
25 1 3 0.0298538 121.135 13
25 1 3 0.0383119 78.7265 16
25 1 3 0.0491662 82.1522 22
25 1 3 0.0630957 48.4827 27
25 2 3 0.00316228 63.5156 1
25 2 3 0.0040582 31.6067 1
25 2 3 0.00520795 27.9045 2
25 2 3 0.00668344 -3.04915 1
25 2 3 0.00857696 31.3755 3
25 2 3 0.0110069 39.9252 3
25 2 3 0.0141254 32.5303 3
25 2 3 0.0181273 35.3062 5
25 2 3 0.0232631 31.7317 6
25 2 3 0.0298538 30.5092 8
25 2 3 0.0383119 27.8402 10
25 2 3 0.0491662 22.3074 13
25 2 3 0.0630957 11.7542 17
26 0 3 0.00316228 2.15222 1
26 0 3 0.0040582 204.351 2
26 0 3 0.00520795 76.0788 2
26 0 3 0.00668344 65.2812 3
26 0 3 0.00857696 64.0075 3
26 0 3 0.0110069 29.125 5
26 0 3 0.0141254 32.8895 6
26 0 3 0.0181273 61.9331 7
26 0 3 0.0232631 89.8785 9
26 0 3 0.0298538 74.6253 13
26 0 3 0.0383119 60.8073 15
26 0 3 0.0491662 50.0816 20
26 0 3 0.0630957 37.6385 26
26 1 3 0.00316228 39.6429 2
26 1 3 0.0040582 79.1624 1
26 1 3 0.00520795 149.559 3
26 1 3 0.00668344 187.93 3
26 1 3 0.00857696 69.227 3
26 1 3 0.0110069 176.29 5
26 1 3 0.0141254 198.618 6
26 1 3 0.0181273 86.1324 8
26 1 3 0.0232631 82.6865 10
26 1 3 0.0298538 64.0125 13
26 1 3 0.0383119 75.4752 16
26 1 3 0.0491662 59.1862 22
26 1 3 0.0630957 28.8072 27
26 2 3 0.00316228 14.223 1
26 2 3 0.0040582 40.4728 1
26 2 3 0.00520795 79.7156 2
26 2 3 0.00668344 14.7419 1
26 2 3 0.00857696 8.93111 3
26 2 3 0.0110069 22.6229 3
26 2 3 0.0141254 21.3572 3
26 2 3 0.0181273 -6.61089 5
26 2 3 0.0232631 2.82121 6
26 2 3 0.0298538 20.4799 8
26 2 3 0.0383119 7.8524 10
26 2 3 0.0491662 4.84463 13
26 2 3 0.0630957 6.97602 17
27 0 3 0.00316228 49.7268 2
27 0 3 0.0040582 68.8944 1
27 0 3 0.00520795 38.4331 3
27 0 3 0.00668344 46.9382 2
27 0 3 0.00857696 103.157 4
27 0 3 0.0110069 97.5794 5
27 0 3 0.0141254 210.971 6
27 0 3 0.0181273 151.73 8
27 0 3 0.0232631 142.077 10
27 0 3 0.0298538 67.8792 12
27 0 3 0.0383119 69.5562 17
27 0 3 0.0491662 51.7654 21
27 0 3 0.0630957 39.179 27
27 1 3 0.00316228 206.059 2
27 1 3 0.0040582 2.09847 1
27 1 3 0.00520795 145.658 3
27 1 3 0.00668344 98.1673 3
27 1 3 0.00857696 236.808 3
27 1 3 0.0110069 193.795 5
27 1 3 0.0141254 50.7385 6
27 1 3 0.0181273 183.964 8
27 1 3 0.0232631 147.747 10
27 1 3 0.0298538 78.1719 13
27 1 3 0.0383119 78.2496 16
27 1 3 0.0491662 109.502 21
27 1 3 0.0630957 61.1012 28
27 2 3 0.00316228 33.2343 1
27 2 3 0.0040582 1.27334 1
27 2 3 0.00520795 -5.10454 2
27 2 3 0.00668344 54.6234 1
27 2 3 0.00857696 -14.7665 3
27 2 3 0.0110069 27.797 3
27 2 3 0.0141254 53.1993 3
27 2 3 0.0181273 40.1071 5
27 2 3 0.0232631 71.7604 6
27 2 3 0.0298538 16.0506 8
27 2 3 0.0383119 15.5843 10
27 2 3 0.0491662 22.56 13
27 2 3 0.0630957 3.8533 17
28 0 3 0.00316228 62.0947 1
28 0 3 0.0040582 12.4191 2
28 0 3 0.00520795 15.7485 1
28 0 3 0.00668344 84.419 3
28 0 3 0.00857696 68.823 3
28 0 3 0.0110069 223.266 3
28 0 3 0.0141254 108.647 5
28 0 3 0.0181273 23.4355 6
28 0 3 0.0232631 53.3266 8
28 0 3 0.0298538 88.5371 10
28 0 3 0.0383119 70.5099 13
28 0 3 0.0491662 46.424 16
28 0 3 0.0630957 36.668 22
29 0 3 0.00316228 70.086 2
29 0 3 0.0040582 20.8349 1
29 0 3 0.00520795 104.876 2
29 0 3 0.00668344 52.121 2
29 0 3 0.00857696 75.3438 3
29 0 3 0.0110069 107.606 4
29 0 3 0.0141254 55.2826 5
29 0 3 0.0181273 26.1619 6
29 0 3 0.0232631 67.6713 9
29 0 3 0.0298538 119.728 10
29 0 3 0.0383119 105.176 14
29 0 3 0.0491662 61.292 17
29 0 3 0.0630957 21.1665 22
29 1 3 0.00316228 153.403 1
29 1 3 0.0040582 18.5019 2
29 1 3 0.00520795 17.0303 2
29 1 3 0.00668344 72.9094 3
29 1 3 0.00857696 99.3414 3
29 1 3 0.0110069 81.9958 5
29 1 3 0.0141254 126.683 6
29 1 3 0.0181273 83.8882 7
29 1 3 0.0232631 82.3228 10
29 1 3 0.0298538 118.26 12
29 1 3 0.0383119 54.6306 16
29 1 3 0.0491662 83.7273 20
29 1 3 0.0630957 25.2151 26
29 2 3 0.00316228 76.4966 1
29 2 3 0.0040582 -8.92866 1
29 2 3 0.00520795 64.029 2
29 2 3 0.00668344 16.2277 1
29 2 3 0.00857696 83.5439 3
29 2 3 0.0110069 54.2216 3
29 2 3 0.0141254 38.8336 3
29 2 3 0.0181273 13.9345 5
29 2 3 0.0232631 24.5608 6
29 2 3 0.0298538 56.6894 8
29 2 3 0.0383119 55.4222 10
29 2 3 0.0491662 20.4177 13
29 2 3 0.0630957 2.22254 17
31 0 3 0.00316228 57.2557 2
31 0 3 0.0040582 46.3389 2
31 0 3 0.00520795 27.3947 3
31 0 3 0.00668344 123.518 3
31 0 3 0.00857696 91.1257 5
31 0 3 0.0110069 261.715 6
31 0 3 0.0141254 144.376 7
31 0 3 0.0181273 132.428 9
31 0 3 0.0232631 144.343 13
31 0 3 0.0298538 83.7915 15
31 0 3 0.0383119 93.0242 20
31 0 3 0.0491662 80.6262 26
31 0 3 0.0630957 53.1933 33
31 1 3 0.00316228 73.653 1
31 1 3 0.0040582 10.2454 2
31 1 3 0.00520795 47.8014 1
31 1 3 0.00668344 107.508 3
31 1 3 0.00857696 50.0553 3
31 1 3 0.0110069 117.538 3
31 1 3 0.0141254 104.681 5
31 1 3 0.0181273 194.671 6
31 1 3 0.0232631 32.2234 8
31 1 3 0.0298538 63.9583 10
31 1 3 0.0383119 68.1536 13
31 1 3 0.0491662 71.4736 17
31 1 3 0.0630957 34.2113 21
31 2 3 0.00316228 3.40201 1
31 2 3 0.0040582 6.14295 1
31 2 3 0.00520795 -7.82359 2
31 2 3 0.00668344 -14.738 1
31 2 3 0.00857696 -28.2492 3
31 2 3 0.0110069 24.1022 3
31 2 3 0.0141254 9.47718 3
31 2 3 0.0181273 70.6712 5
31 2 3 0.0232631 -4.66061 6
31 2 3 0.0298538 3.8851 8
31 2 3 0.0383119 26.6302 10
31 2 3 0.0491662 8.26493 13
31 2 3 0.0630957 12.2828 17
33 0 3 0.00316228 47.7705 1
33 0 3 0.0040582 89.3462 3
33 0 3 0.00520795 69.3897 2
33 0 3 0.00668344 148.88 4
33 0 3 0.00857696 45.891 5
33 0 3 0.0110069 244.302 6
33 0 3 0.0141254 89.46 8
33 0 3 0.0181273 253.36 10
33 0 3 0.0232631 103.712 13
33 0 3 0.0298538 112.506 16
33 0 3 0.0383119 111.423 21
33 0 3 0.0491662 63.7975 27
33 0 3 0.0630957 58.46 35
33 1 3 0.00316228 41.6562 1
33 1 3 0.0040582 83.4697 1
33 1 3 0.00520795 186.373 2
33 1 3 0.00668344 54.4835 2
33 1 3 0.00857696 42.4067 3
33 1 3 0.0110069 80.5653 3
33 1 3 0.0141254 63.0366 4
33 1 3 0.0181273 74.3992 6
33 1 3 0.0232631 66.9051 7
33 1 3 0.0298538 94.0752 9
33 1 3 0.0383119 77.8172 12
33 1 3 0.0491662 48.5887 15
33 1 3 0.0630957 30.5796 20
33 2 3 0.00316228 63.0572 1
33 2 3 0.0040582 -26.7658 1
33 2 3 0.00520795 -31.1966 2
33 2 3 0.00668344 29.187 1
33 2 3 0.00857696 5.99051 3
33 2 3 0.0110069 -23.3172 3
33 2 3 0.0141254 2.90224 3
33 2 3 0.0181273 29.1999 5
33 2 3 0.0232631 16.4251 6
33 2 3 0.0298538 34.5201 8
33 2 3 0.0383119 24.0702 10
33 2 3 0.0491662 5.48793 13
33 2 3 0.0630957 1.79376 17
36 0 3 0.00316228 34.6303 1
36 0 3 0.0040582 89.5729 2
36 0 3 0.00520795 33.8932 2
36 0 3 0.00668344 105.41 3
36 0 3 0.00857696 117.459 4
36 0 3 0.0110069 73.8679 5
36 0 3 0.0141254 133.757 7
36 0 3 0.0181273 68.756 8
36 0 3 0.0232631 102.758 10
36 0 3 0.0298538 102.533 14
36 0 3 0.0383119 87.6862 17
36 0 3 0.0491662 65.2057 23
36 0 3 0.0630957 38.6284 29
36 1 3 0.00316228 4.66636 1
36 1 3 0.0040582 47.1058 1
36 1 3 0.00520795 87.3341 1
36 1 3 0.00668344 44.4374 2
36 1 3 0.00857696 61.1956 3
36 1 3 0.0110069 31.6701 3
36 1 3 0.0141254 46.9914 4
36 1 3 0.0181273 26.0743 5
36 1 3 0.0232631 55.9376 7
36 1 3 0.0298538 79.6559 9
36 1 3 0.0383119 72.5347 11
36 1 3 0.0491662 52.543 14
36 1 3 0.0630957 19.2924 18
36 2 3 0.00316228 -0.639797 1
36 2 3 0.0040582 11.5463 1
36 2 3 0.00520795 29.5953 2
36 2 3 0.00668344 -5.26411 1
36 2 3 0.00857696 2.28683 3
36 2 3 0.0110069 23.5985 3
36 2 3 0.0141254 3.35441 3
36 2 3 0.0181273 -10.1118 5
36 2 3 0.0232631 28.5248 6
36 2 3 0.0298538 24.0664 8
36 2 3 0.0383119 25.4677 10
36 2 3 0.0491662 15.8943 13
36 2 3 0.0630957 6.34564 17
38 0 3 0.00316228 27.9189 2
38 0 3 0.0040582 46.778 2
38 0 3 0.00520795 164.181 4
38 0 3 0.00668344 47.4585 3
38 0 3 0.00857696 108.814 6
38 0 3 0.0110069 125.202 6
38 0 3 0.0141254 57.1599 8
38 0 3 0.0181273 114.447 11
38 0 3 0.0232631 174.823 14
38 0 3 0.0298538 115.087 18
38 0 3 0.0383119 90.916 23
38 0 3 0.0491662 78.6616 29
38 0 3 0.0630957 48.1237 37
38 1 3 0.00316228 33.1986 1
38 1 3 0.0040582 135.458 1
38 1 3 0.00520795 35.6962 2
38 1 3 0.00668344 50.9351 2
38 1 3 0.00857696 26.4135 2
38 1 3 0.0110069 38.3447 3
38 1 3 0.0141254 38.0627 4
38 1 3 0.0181273 14.8797 4
38 1 3 0.0232631 90.0404 7
38 1 3 0.0298538 56.2916 8
38 1 3 0.0383119 33.4372 10
38 1 3 0.0491662 21.7344 13
38 1 3 0.0630957 35.4317 17
38 2 3 0.00316228 4.84416 1
38 2 3 0.0040582 18.3239 1
38 2 3 0.00520795 -15.4224 2
38 2 3 0.00668344 9.23599 1
38 2 3 0.00857696 0.149467 3
38 2 3 0.0110069 27.4262 3
38 2 3 0.0141254 10.5144 3
38 2 3 0.0181273 2.34723 5
38 2 3 0.0232631 18.1694 6
38 2 3 0.0298538 1.63288 8
38 2 3 0.0383119 0.749911 10
38 2 3 0.0491662 5.40812 13
38 2 3 0.0630957 13.8154 17
40 0 3 0.00316228 128.153 2
40 0 3 0.0040582 79.2014 2
40 0 3 0.00520795 28.7788 2
40 0 3 0.00668344 88.4507 4
40 0 3 0.00857696 106.461 4
40 0 3 0.0110069 333.255 5
40 0 3 0.0141254 175.747 8
40 0 3 0.0181273 113.741 9
40 0 3 0.0232631 119.904 11
40 0 3 0.0298538 125.049 15
40 0 3 0.0383119 119.079 19
40 0 3 0.0491662 73.1279 25
40 0 3 0.0630957 61.3121 32
40 1 3 0.00316228 67.5994 1
40 1 3 0.0040582 48.7215 1
40 1 3 0.00520795 18.0167 1
40 1 3 0.00668344 25.3312 1
40 1 3 0.00857696 137.802 2
40 1 3 0.0110069 68.3813 3
40 1 3 0.0141254 75.9633 3
40 1 3 0.0181273 107.372 4
40 1 3 0.0232631 118.786 6
40 1 3 0.0298538 24.7969 7
40 1 3 0.0383119 41.5312 8
40 1 3 0.0491662 33.7432 12
40 1 3 0.0630957 16.3807 14
40 2 3 0.00316228 75.7269 1
40 2 3 0.0040582 48.2084 1
40 2 3 0.00520795 -6.87624 1
40 2 3 0.00668344 10.9236 1
40 2 3 0.00857696 85.8068 2
40 2 3 0.0110069 43.0842 3
40 2 3 0.0141254 38.0441 3
40 2 3 0.0181273 -4.35408 4
40 2 3 0.0232631 35.2879 6
40 2 3 0.0298538 25.2496 7
40 2 3 0.0383119 19.9416 8
40 2 3 0.0491662 17.3628 12
40 2 3 0.0630957 3.83969 14
43 0 3 0.00316228 197.215 2
43 0 3 0.0040582 103.863 2
43 0 3 0.00520795 259.466 4
43 0 3 0.00668344 141.664 4
43 0 3 0.00857696 86.1301 5
43 0 3 0.0110069 118.778 6
43 0 3 0.0141254 125.683 9
43 0 3 0.0181273 99.756 10
43 0 3 0.0232631 206.22 14
43 0 3 0.0298538 122.357 18
43 0 3 0.0383119 135.713 23
43 0 3 0.0491662 100.488 29
43 0 3 0.0630957 63.2342 38
43 1 3 0.00316228 0 0
43 1 3 0.0040582 102.191 1
43 1 3 0.00520795 27.4342 1
43 1 3 0.00668344 40.2232 1
43 1 3 0.00857696 21.8559 2
43 1 3 0.0110069 109.898 2
43 1 3 0.0141254 33.9344 3
43 1 3 0.0181273 45.7706 4
43 1 3 0.0232631 45.9513 4
43 1 3 0.0298538 36.0724 6
43 1 3 0.0383119 43.1724 8
43 1 3 0.0491662 21.3439 9
43 1 3 0.0630957 14.7114 13
43 2 3 0.00316228 0 0
43 2 3 0.0040582 137.504 1
43 2 3 0.00520795 48.8775 1
43 2 3 0.00668344 66.0766 1
43 2 3 0.00857696 1.80914 2
43 2 3 0.0110069 69.6495 2
43 2 3 0.0141254 26.302 3
43 2 3 0.0181273 39.1518 4
43 2 3 0.0232631 39.2585 4
43 2 3 0.0298538 16.2799 6
43 2 3 0.0383119 0.219174 7
43 2 3 0.0491662 9.92819 10
43 2 3 0.0630957 0.88551 12
44 0 3 0.00316228 133.149 2
44 0 3 0.0040582 71.1468 2
44 0 3 0.00520795 59.3422 4
44 0 3 0.00668344 106.069 4
44 0 3 0.00857696 66.3844 5
44 0 3 0.0110069 213.152 6
44 0 3 0.0141254 131.316 9
44 0 3 0.0181273 140.07 10
44 0 3 0.0232631 130.417 14
44 0 3 0.0298538 96.229 18
44 0 3 0.0383119 188.089 23
44 0 3 0.0491662 137.993 29
44 0 3 0.0630957 73.1246 38
44 1 3 0.00316228 130.292 1
44 1 3 0.0040582 44.5157 1
44 1 3 0.00520795 0 0
44 1 3 0.00668344 117.575 2
44 1 3 0.00857696 25.3575 1
44 1 3 0.0110069 36.03 2
44 1 3 0.0141254 8.84733 2
44 1 3 0.0181273 27.0596 3
44 1 3 0.0232631 17.8822 4
44 1 3 0.0298538 13.7698 5
44 1 3 0.0383119 14.3059 7
44 1 3 0.0491662 14.3921 8
44 1 3 0.0630957 14.8606 10
44 2 3 0.00316228 70.6997 1
44 2 3 0.0040582 -2.10024 1
44 2 3 0.00520795 0 0
44 2 3 0.00668344 101.902 2
44 2 3 0.00857696 7.53359 1
44 2 3 0.0110069 35.36 2
44 2 3 0.0141254 13.2509 2
44 2 3 0.0181273 19.7268 3
44 2 3 0.0232631 17.1842 4
44 2 3 0.0298538 -0.414454 5
44 2 3 0.0383119 11.0655 7
44 2 3 0.0491662 1.10361 8
44 2 3 0.0630957 10.9016 10
46 0 3 0.00316228 113.78 2
46 0 3 0.0040582 85.7247 2
46 0 3 0.00520795 67.9626 4
46 0 3 0.00668344 95.6318 4
46 0 3 0.00857696 166.797 5
46 0 3 0.0110069 115.69 6
46 0 3 0.0141254 317.662 9
46 0 3 0.0181273 226.534 10
46 0 3 0.0232631 225.532 14
46 0 3 0.0298538 123.398 18
46 0 3 0.0383119 94.3059 23
46 0 3 0.0491662 75.9249 29
46 0 3 0.0630957 51.1045 38
46 1 3 0.00316228 97.9989 1
46 1 3 0.0040582 0 0
46 1 3 0.00520795 1.94739 1
46 1 3 0.00668344 0 0
46 1 3 0.00857696 130.785 1
46 1 3 0.0110069 29.335 1
46 1 3 0.0141254 47.4073 1
46 1 3 0.0181273 44.6616 2
46 1 3 0.0232631 11.621 2
46 1 3 0.0298538 37.0959 3
46 1 3 0.0383119 18.958 3
46 1 3 0.0491662 5.48356 4
46 1 3 0.0630957 15.2167 6
46 2 3 0.00316228 31.4772 1
46 2 3 0.0040582 0 0
46 2 3 0.00520795 2.21875 1
46 2 3 0.00668344 0 0
46 2 3 0.00857696 -0.662478 1
46 2 3 0.0110069 -14.6694 1
46 2 3 0.0141254 17.4789 1
46 2 3 0.0181273 13.4796 2
46 2 3 0.0232631 1.78515 2
46 2 3 0.0298538 12.5067 3
46 2 3 0.0383119 -8.86538 3
46 2 3 0.0491662 1.47934 4
46 2 3 0.0630957 0.942162 6
48 0 3 0.00316228 129.808 2
48 0 3 0.0040582 69.482 2
48 0 3 0.00520795 283.098 4
48 0 3 0.00668344 209.61 4
48 0 3 0.00857696 160.168 5
48 0 3 0.0110069 130.533 6
48 0 3 0.0141254 267.298 9
48 0 3 0.0181273 86.403 10
48 0 3 0.0232631 139.289 14
48 0 3 0.0298538 250.15 18
48 0 3 0.0383119 104.027 23
48 0 3 0.0491662 97.4589 29
48 0 3 0.0630957 61.6034 38
50 0 3 0.00316228 10.8484 1
50 0 3 0.0040582 55.1265 2
50 0 3 0.00520795 134.971 3
50 0 3 0.00668344 142.694 3
50 0 3 0.00857696 82.1578 4
50 0 3 0.0110069 105.548 6
50 0 3 0.0141254 56.4729 6
50 0 3 0.0181273 151.693 9
50 0 3 0.0232631 108.311 12
50 0 3 0.0298538 111.906 14
50 0 3 0.0383119 66.8114 18
50 0 3 0.0491662 71.1916 24
50 0 3 0.0630957 55.589 31
51 0 3 0.00316228 90.4731 2
51 0 3 0.0040582 66.1065 2
51 0 3 0.00520795 142.409 4
51 0 3 0.00668344 150.888 4
51 0 3 0.00857696 149.725 5
51 0 3 0.0110069 186.622 6
51 0 3 0.0141254 300.084 9
51 0 3 0.0181273 149.6 10
51 0 3 0.0232631 268.245 14
51 0 3 0.0298538 149.193 18
51 0 3 0.0383119 79.833 23
51 0 3 0.0491662 69.3197 29
51 0 3 0.0630957 41.5657 38
52 0 3 0.00316228 31.8245 2
52 0 3 0.0040582 202.476 2
52 0 3 0.00520795 233.598 4
52 0 3 0.00668344 126.299 4
52 0 3 0.00857696 159.77 5
52 0 3 0.0110069 105.007 6
52 0 3 0.0141254 189.096 9
52 0 3 0.0181273 140.677 10
52 0 3 0.0232631 125.333 14
52 0 3 0.0298538 72.4926 18
52 0 3 0.0383119 77.4356 23
52 0 3 0.0491662 77.794 29
52 0 3 0.0630957 39.4074 38
53 0 3 0.00316228 107.166 2
53 0 3 0.0040582 33.4194 2
53 0 3 0.00520795 117.626 4
53 0 3 0.00668344 94.2124 4
53 0 3 0.00857696 123.901 5
53 0 3 0.0110069 144.76 6
53 0 3 0.0141254 244.812 9
53 0 3 0.0181273 120.08 10
53 0 3 0.0232631 141.006 14
53 0 3 0.0298538 98.819 18
53 0 3 0.0383119 129.916 23
53 0 3 0.0491662 104.709 29
53 0 3 0.0630957 55.3467 38
54 0 3 0.00316228 112.067 2
54 0 3 0.0040582 59.9948 2
54 0 3 0.00520795 279.526 4
54 0 3 0.00668344 147.453 4
54 0 3 0.00857696 86.8594 5
54 0 3 0.0110069 130.063 6
54 0 3 0.0141254 173.76 9
54 0 3 0.0181273 110.44 10
54 0 3 0.0232631 227.584 14
54 0 3 0.0298538 105.849 18
54 0 3 0.0383119 81.0058 23
54 0 3 0.0491662 63.0368 29
54 0 3 0.0630957 73.0096 38
55 0 3 0.00316228 54.0216 2
55 0 3 0.0040582 27.6721 2
55 0 3 0.00520795 198.8 4
55 0 3 0.00668344 127.203 4
55 0 3 0.00857696 264.092 5
55 0 3 0.0110069 211.848 6
55 0 3 0.0141254 206.54 9
55 0 3 0.0181273 76.6417 10
55 0 3 0.0232631 114.996 14
55 0 3 0.0298538 118.049 18
55 0 3 0.0383119 123.898 23
55 0 3 0.0491662 83.4211 29
55 0 3 0.0630957 55.5579 38
57 0 3 0.00316228 20.3118 2
57 0 3 0.0040582 147.584 2
57 0 3 0.00520795 131.338 4
57 0 3 0.00668344 87.4954 4
57 0 3 0.00857696 73.2258 5
57 0 3 0.0110069 212.292 6
57 0 3 0.0141254 191.179 9
57 0 3 0.0181273 103.911 10
57 0 3 0.0232631 125.291 14
57 0 3 0.0298538 175.551 18
57 0 3 0.0383119 111.3 23
57 0 3 0.0491662 87.6286 29
57 0 3 0.0630957 59.6452 38
58 0 3 0.00316228 30.9467 2
58 0 3 0.0040582 145.427 2
58 0 3 0.00520795 51.9447 2
58 0 3 0.00668344 73.2391 4
58 0 3 0.00857696 141.021 4
58 0 3 0.0110069 181.192 6
58 0 3 0.0141254 113.269 7
58 0 3 0.0181273 86.0597 9
58 0 3 0.0232631 57.4706 11
58 0 3 0.0298538 127.113 15
58 0 3 0.0383119 132.483 20
58 0 3 0.0491662 92.9705 24
58 0 3 0.0630957 85.0031 32
59 0 3 0.00316228 156.712 1
59 0 3 0.0040582 89.4493 2
59 0 3 0.00520795 83.5986 3
59 0 3 0.00668344 64.9225 3
59 0 3 0.00857696 65.5413 4
59 0 3 0.0110069 48.724 5
59 0 3 0.0141254 116.607 7
59 0 3 0.0181273 104.525 8
59 0 3 0.0232631 177.234 11
59 0 3 0.0298538 110.537 14
59 0 3 0.0383119 56.5489 18
59 0 3 0.0491662 75.9927 24
59 0 3 0.0630957 46.387 30
60 0 3 0.00316228 21.2774 2
60 0 3 0.0040582 65.0935 2
60 0 3 0.00520795 99.0381 3
60 0 3 0.00668344 68.4158 4
60 0 3 0.00857696 107.441 5
60 0 3 0.0110069 112.111 6
60 0 3 0.0141254 166.272 9
60 0 3 0.0181273 211.552 10
60 0 3 0.0232631 136.747 14
60 0 3 0.0298538 171.971 17
60 0 3 0.0383119 122.678 22
60 0 3 0.0491662 101.64 29
60 0 3 0.0630957 54.0703 36
62 0 3 0.00316228 143.098 1
62 0 3 0.0040582 39.9501 1
62 0 3 0.00520795 54.9674 1
62 0 3 0.00668344 2.38501 2
62 0 3 0.00857696 108.019 3
62 0 3 0.0110069 79.9625 3
62 0 3 0.0141254 91.6494 4
62 0 3 0.0181273 77.9633 5
62 0 3 0.0232631 129.91 7
62 0 3 0.0298538 103.85 9
62 0 3 0.0383119 56.8341 11
62 0 3 0.0491662 35.9943 14
62 0 3 0.0630957 46.4102 18
63 0 3 0.00316228 15.8921 1
63 0 3 0.0040582 17.7605 1
63 0 3 0.00520795 39.7891 2
63 0 3 0.00668344 51.5459 2
63 0 3 0.00857696 34.5081 2
63 0 3 0.0110069 63.6065 3
63 0 3 0.0141254 61.7379 3
63 0 3 0.0181273 189.213 5
63 0 3 0.0232631 65.4528 6
63 0 3 0.0298538 99.3052 8
63 0 3 0.0383119 87.7369 10
63 0 3 0.0491662 65.7866 13
63 0 3 0.0630957 40.1537 17
64 0 3 0.00316228 61.4432 1
64 0 3 0.0040582 39.5368 1
64 0 3 0.00520795 2.2998 1
64 0 3 0.00668344 162.012 2
64 0 3 0.00857696 24.2884 2
64 0 3 0.0110069 84.7749 3
64 0 3 0.0141254 97.9334 3
64 0 3 0.0181273 134.259 5
64 0 3 0.0232631 92.7258 6
64 0 3 0.0298538 33.681 7
64 0 3 0.0383119 39.1833 9
64 0 3 0.0491662 40.3981 12
64 0 3 0.0630957 25.3677 16
66 0 3 0.00316228 38.5484 1
66 0 3 0.0040582 44.2796 1
66 0 3 0.00520795 21.6088 1
66 0 3 0.00668344 68.6806 1
66 0 3 0.00857696 26.391 1
66 0 3 0.0110069 85.2115 2
66 0 3 0.0141254 57.3626 3
66 0 3 0.0181273 47.9641 3
66 0 3 0.0232631 129.446 4
66 0 3 0.0298538 33.3581 5
66 0 3 0.0383119 53.6365 7
66 0 3 0.0491662 41.8978 9
66 0 3 0.0630957 16.4523 11
67 0 3 0.00316228 113.324 1
67 0 3 0.0040582 31.4403 1
67 0 3 0.00520795 0 0
67 0 3 0.00668344 9.35683 2
67 0 3 0.00857696 31.8557 1
67 0 3 0.0110069 76.3989 2
67 0 3 0.0141254 39.0529 2
67 0 3 0.0181273 45.364 3
67 0 3 0.0232631 74.2338 4
67 0 3 0.0298538 58.4564 5
67 0 3 0.0383119 24.5143 7
67 0 3 0.0491662 19.4107 8
67 0 3 0.0630957 13.3189 10
68 0 3 0.00316228 55.4169 1
68 0 3 0.0040582 0 0
68 0 3 0.00520795 106.728 1
68 0 3 0.00668344 13.1566 1
68 0 3 0.00857696 10.8301 1
68 0 3 0.0110069 32.5503 2
68 0 3 0.0141254 29.6809 2
68 0 3 0.0181273 16.0015 2
68 0 3 0.0232631 27.3022 4
68 0 3 0.0298538 66.3758 4
68 0 3 0.0383119 15.9448 5
68 0 3 0.0491662 9.97648 7
68 0 3 0.0630957 15.6303 9
31 1 3.2 0.00316228 0 0
31 1 3.2 0.0040582 0 0
31 1 3.2 0.00520795 23.1136 1
31 1 3.2 0.00668344 0 0
31 1 3.2 0.00857696 69.6715 1
31 1 3.2 0.0110069 11.7939 1
31 1 3.2 0.0141254 32.4239 1
31 1 3.2 0.0181273 46.595 2
31 1 3.2 0.0232631 4.0034 2
31 1 3.2 0.0298538 22.3546 3
31 1 3.2 0.0383119 31.8806 4
31 1 3.2 0.0491662 2.69446 4
31 1 3.2 0.0630957 12.0401 6
33 1 3.2 0.00316228 0 0
33 1 3.2 0.0040582 48.4773 1
33 1 3.2 0.00520795 0 0
33 1 3.2 0.00668344 20.5354 1
33 1 3.2 0.00857696 6.38595 1
33 1 3.2 0.0110069 41.1737 2
33 1 3.2 0.0141254 39.7147 1
33 1 3.2 0.0181273 51.2376 3
33 1 3.2 0.0232631 17.9475 2
33 1 3.2 0.0298538 17.3826 4
33 1 3.2 0.0383119 26.6863 5
33 1 3.2 0.0491662 9.15978 6
33 1 3.2 0.0630957 10.9337 7
36 1 3.2 0.00316228 199.576 1
36 1 3.2 0.0040582 0 0
36 1 3.2 0.00520795 10.4219 1
36 1 3.2 0.00668344 103.98 1
36 1 3.2 0.00857696 19.6873 1
36 1 3.2 0.0110069 14.0799 2
36 1 3.2 0.0141254 15.8863 2
36 1 3.2 0.0181273 19.356 2
36 1 3.2 0.0232631 17.2428 3
36 1 3.2 0.0298538 36.5639 5
36 1 3.2 0.0383119 16.3165 5
36 1 3.2 0.0491662 16.9002 7
36 1 3.2 0.0630957 20.487 9
38 1 3.2 0.00316228 66.6402 1
38 1 3.2 0.0040582 0.407496 1
38 1 3.2 0.00520795 0 0
38 1 3.2 0.00668344 32.9529 1
38 1 3.2 0.00857696 42.4644 2
38 1 3.2 0.0110069 35.1802 2
38 1 3.2 0.0141254 37.716 2
38 1 3.2 0.0181273 11.5805 3
38 1 3.2 0.0232631 38.4872 4
38 1 3.2 0.0298538 29.8192 5
38 1 3.2 0.0383119 20.8447 6
38 1 3.2 0.0491662 18.4514 8
38 1 3.2 0.0630957 17.6997 11
40 1 3.2 0.00316228 0 0
40 1 3.2 0.0040582 16.5904 1
40 1 3.2 0.00520795 10.1049 1
40 1 3.2 0.00668344 93.5843 2
40 1 3.2 0.00857696 71.2375 1
40 1 3.2 0.0110069 123.271 3
40 1 3.2 0.0141254 46.8528 2
40 1 3.2 0.0181273 33.4108 4
40 1 3.2 0.0232631 32.3795 5
40 1 3.2 0.0298538 55.8214 6
40 1 3.2 0.0383119 31.5375 7
40 1 3.2 0.0491662 16.3505 10
40 1 3.2 0.0630957 15.6946 13
43 0 3.2 0.00316228 0 0
43 0 3.2 0.0040582 70.0371 1
43 0 3.2 0.00520795 0 0
43 0 3.2 0.00668344 23.9803 1
43 0 3.2 0.00857696 0 0
43 0 3.2 0.0110069 20.0787 1
43 0 3.2 0.0141254 42.5427 1
43 0 3.2 0.0181273 2.52594 1
43 0 3.2 0.0232631 35.838 2
43 0 3.2 0.0298538 7.01456 2
43 0 3.2 0.0383119 2.73901 2
43 0 3.2 0.0491662 11.4028 4
43 0 3.2 0.0630957 13.3801 4
43 1 3.2 0.00316228 22.711 1
43 1 3.2 0.0040582 12.2815 1
43 1 3.2 0.00520795 17.9593 1
43 1 3.2 0.00668344 7.71458 2
43 1 3.2 0.00857696 5.29747 2
43 1 3.2 0.0110069 34.6834 2
43 1 3.2 0.0141254 58.0164 4
43 1 3.2 0.0181273 27.8525 4
43 1 3.2 0.0232631 47.6701 5
43 1 3.2 0.0298538 39.1616 7
43 1 3.2 0.0383119 39.9623 9
43 1 3.2 0.0491662 38.2194 12
43 1 3.2 0.0630957 11.4793 15
43 2 3.2 0.00316228 0 0
43 2 3.2 0.0040582 35.8078 1
43 2 3.2 0.00520795 0 0
43 2 3.2 0.00668344 2.02846 1
43 2 3.2 0.00857696 0 0
43 2 3.2 0.0110069 6.28515 1
43 2 3.2 0.0141254 0.242848 1
43 2 3.2 0.0181273 1.18671 1
43 2 3.2 0.0232631 28.5826 2
43 2 3.2 0.0298538 -3.59147 2
43 2 3.2 0.0383119 0.299024 2
43 2 3.2 0.0491662 4.97108 3
43 2 3.2 0.0630957 3.2352 5
44 0 3.2 0.00316228 0 0
44 0 3.2 0.0040582 0 0
44 0 3.2 0.00520795 258.986 1
44 0 3.2 0.00668344 0 0
44 0 3.2 0.00857696 48.7105 1
44 0 3.2 0.0110069 38.9398 1
44 0 3.2 0.0141254 25.4914 2
44 0 3.2 0.0181273 3.95183 1
44 0 3.2 0.0232631 34.0399 3
44 0 3.2 0.0298538 23.6445 2
44 0 3.2 0.0383119 15.2969 4
44 0 3.2 0.0491662 30.1107 5
44 0 3.2 0.0630957 8.04647 6
44 1 3.2 0.00316228 1.52095 1
44 1 3.2 0.0040582 129.345 1
44 1 3.2 0.00520795 9.46729 2
44 1 3.2 0.00668344 25.1642 1
44 1 3.2 0.00857696 74.428 3
44 1 3.2 0.0110069 42.8849 3
44 1 3.2 0.0141254 51.1989 3
44 1 3.2 0.0181273 28.2375 5
44 1 3.2 0.0232631 28.4612 6
44 1 3.2 0.0298538 51.6098 8
44 1 3.2 0.0383119 60.7043 10
44 1 3.2 0.0491662 42.4781 13
44 1 3.2 0.0630957 17.2104 17
44 2 3.2 0.00316228 0 0
44 2 3.2 0.0040582 0 0
44 2 3.2 0.00520795 -24.6815 1
44 2 3.2 0.00668344 0 0
44 2 3.2 0.00857696 68.8291 1
44 2 3.2 0.0110069 35.2095 1
44 2 3.2 0.0141254 31.3024 2
44 2 3.2 0.0181273 5.19848 1
44 2 3.2 0.0232631 11.7506 3
44 2 3.2 0.0298538 6.43231 2
44 2 3.2 0.0383119 7.83224 4
44 2 3.2 0.0491662 18.0656 5
44 2 3.2 0.0630957 3.46931 6
46 0 3.2 0.00316228 0.657491 1
46 0 3.2 0.0040582 13.6523 1
46 0 3.2 0.00520795 19.0932 1
46 0 3.2 0.00668344 20.505 1
46 0 3.2 0.00857696 94.0884 1
46 0 3.2 0.0110069 19.688 2
46 0 3.2 0.0141254 95.56 3
46 0 3.2 0.0181273 91.4769 3
46 0 3.2 0.0232631 58.9675 4
46 0 3.2 0.0298538 17.7371 5
46 0 3.2 0.0383119 19.3696 7
46 0 3.2 0.0491662 53.6837 8
46 0 3.2 0.0630957 23.4689 11
46 1 3.2 0.00316228 99.7993 1
46 1 3.2 0.0040582 87.8668 2
46 1 3.2 0.00520795 25.978 2
46 1 3.2 0.00668344 54.6887 2
46 1 3.2 0.00857696 108.317 3
46 1 3.2 0.0110069 50.2504 4
46 1 3.2 0.0141254 81.4487 4
46 1 3.2 0.0181273 114.374 7
46 1 3.2 0.0232631 36.6095 8
46 1 3.2 0.0298538 37.8824 10
46 1 3.2 0.0383119 55.2818 13
46 1 3.2 0.0491662 49.3839 17
46 1 3.2 0.0630957 30.7754 21
46 2 3.2 0.00316228 -10.1869 1
46 2 3.2 0.0040582 3.73827 1
46 2 3.2 0.00520795 -6.36865 1
46 2 3.2 0.00668344 0.156361 1
46 2 3.2 0.00857696 33.5053 1
46 2 3.2 0.0110069 11.5292 2
46 2 3.2 0.0141254 13.2626 3
46 2 3.2 0.0181273 -9.1096 3
46 2 3.2 0.0232631 11.7153 4
46 2 3.2 0.0298538 -0.858875 5
46 2 3.2 0.0383119 2.24891 7
46 2 3.2 0.0491662 13.7959 8
46 2 3.2 0.0630957 2.80492 11
48 0 3.2 0.00316228 60.0146 1
48 0 3.2 0.0040582 127.082 1
48 0 3.2 0.00520795 20.6546 1
48 0 3.2 0.00668344 4.18293 1
48 0 3.2 0.00857696 139.69 2
48 0 3.2 0.0110069 91.9628 3
48 0 3.2 0.0141254 37.6753 3
48 0 3.2 0.0181273 64.8463 4
48 0 3.2 0.0232631 69.2692 5
48 0 3.2 0.0298538 52.0363 7
48 0 3.2 0.0383119 57.4418 9
48 0 3.2 0.0491662 35.1193 11
48 0 3.2 0.0630957 12.6167 14
48 1 3.2 0.00316228 63.4054 1
48 1 3.2 0.0040582 115.116 2
48 1 3.2 0.00520795 53.2205 2
48 1 3.2 0.00668344 14.044 2
48 1 3.2 0.00857696 41.7092 4
48 1 3.2 0.0110069 17.4473 4
48 1 3.2 0.0141254 49.6916 6
48 1 3.2 0.0181273 36.0538 7
48 1 3.2 0.0232631 31.9955 9
48 1 3.2 0.0298538 28.483 12
48 1 3.2 0.0383119 40.8995 15
48 1 3.2 0.0491662 25.3802 19
48 1 3.2 0.0630957 17.9973 25
48 2 3.2 0.00316228 46.5589 1
48 2 3.2 0.0040582 15.3461 1
48 2 3.2 0.00520795 -1.91425 1
48 2 3.2 0.00668344 3.87905 1
48 2 3.2 0.00857696 9.88 2
48 2 3.2 0.0110069 14.4416 3
48 2 3.2 0.0141254 4.96912 3
48 2 3.2 0.0181273 14.5471 4
48 2 3.2 0.0232631 24.6996 5
48 2 3.2 0.0298538 6.03949 7
48 2 3.2 0.0383119 18.8907 9
48 2 3.2 0.0491662 5.40308 11
48 2 3.2 0.0630957 -0.0809843 14
50 0 3.2 0.00316228 0 0
50 0 3.2 0.0040582 179.003 2
50 0 3.2 0.00520795 7.83801 1
50 0 3.2 0.00668344 61.8871 2
50 0 3.2 0.00857696 48.3012 2
50 0 3.2 0.0110069 101.251 3
50 0 3.2 0.0141254 111.057 4
50 0 3.2 0.0181273 67.3132 5
50 0 3.2 0.0232631 88.302 7
50 0 3.2 0.0298538 88.446 8
50 0 3.2 0.0383119 52.6483 11
50 0 3.2 0.0491662 44.9607 13
50 0 3.2 0.0630957 29.5158 18
50 1 3.2 0.00316228 130.912 2
50 1 3.2 0.0040582 42.3489 1
50 1 3.2 0.00520795 52.3822 3
50 1 3.2 0.00668344 113.84 3
50 1 3.2 0.00857696 41.441 3
50 1 3.2 0.0110069 92.9675 5
50 1 3.2 0.0141254 52.0441 6
50 1 3.2 0.0181273 33.8929 8
50 1 3.2 0.0232631 60.5262 10
50 1 3.2 0.0298538 62.0097 13
50 1 3.2 0.0383119 75.8166 16
50 1 3.2 0.0491662 78.7299 22
50 1 3.2 0.0630957 40.3155 27
50 2 3.2 0.00316228 40.9377 1
50 2 3.2 0.0040582 107.96 1
50 2 3.2 0.00520795 9.86746 2
50 2 3.2 0.00668344 48.5715 1
50 2 3.2 0.00857696 43.7897 3
50 2 3.2 0.0110069 29.1805 3
50 2 3.2 0.0141254 25.538 3
50 2 3.2 0.0181273 16.8265 5
50 2 3.2 0.0232631 40.5188 6
50 2 3.2 0.0298538 30.0093 8
50 2 3.2 0.0383119 30.4567 10
50 2 3.2 0.0491662 18.9781 13
50 2 3.2 0.0630957 12.7431 17
51 0 3.2 0.00316228 33.5156 1
51 0 3.2 0.0040582 105.215 1
51 0 3.2 0.00520795 46.8588 2
51 0 3.2 0.00668344 51.5072 2
51 0 3.2 0.00857696 32.4744 3
51 0 3.2 0.0110069 37.9207 3
51 0 3.2 0.0141254 92.3257 4
51 0 3.2 0.0181273 44.3968 6
51 0 3.2 0.0232631 135.988 7
51 0 3.2 0.0298538 118.584 9
51 0 3.2 0.0383119 70.3049 12
51 0 3.2 0.0491662 59.7494 16
51 0 3.2 0.0630957 32.3681 19
51 1 3.2 0.00316228 100.694 2
51 1 3.2 0.0040582 100.435 1
51 1 3.2 0.00520795 29.8599 3
51 1 3.2 0.00668344 95.8655 3
51 1 3.2 0.00857696 11.8253 3
51 1 3.2 0.0110069 171.008 5
51 1 3.2 0.0141254 82.3034 6
51 1 3.2 0.0181273 142.697 8
51 1 3.2 0.0232631 140.211 10
51 1 3.2 0.0298538 105.046 13
51 1 3.2 0.0383119 68.6281 16
51 1 3.2 0.0491662 60.4582 22
51 1 3.2 0.0630957 32.844 27
51 2 3.2 0.00316228 -13.1855 1
51 2 3.2 0.0040582 101.74 1
51 2 3.2 0.00520795 8.75471 2
51 2 3.2 0.00668344 38.5812 1
51 2 3.2 0.00857696 -4.96102 3
51 2 3.2 0.0110069 -10.9517 3
51 2 3.2 0.0141254 23.1264 3
51 2 3.2 0.0181273 -9.99192 5
51 2 3.2 0.0232631 38.6447 6
51 2 3.2 0.0298538 35.4066 8
51 2 3.2 0.0383119 20.8808 10
51 2 3.2 0.0491662 9.01515 13
51 2 3.2 0.0630957 3.05503 17
