0 3 0 0 0 0
1 3 122.13 152 780.182 2259
2 3 0 0 1099.31 1807
3 3 0 0 0 0
4 3 472.341 750 1700.52 2858
5 3 347.113 660 1735.88 2346
6 3 0 0 0 0
7 3 369.81 719 1143.61 2405
8 3 1115.44 1462 2171.01 3148
9 3 0 0 0 0
10 3 0 0 0 0
11 3 1041.66 1580 2374.42 3266
12 3 0 0 0 0
13 3 1535.42 2053 2717.09 3739
14 3 0 0 1992.49 4149
15 3 0 0 0 0
16 3 1904.21 2934 3378.54 4807
17 3 0 0 0 0
18 3 0 0 0 0
19 3 1150.21 1867 2720.39 4334
20 3 0 0 2175.53 4335
21 3 1621.72 3079 2026.87 4335
22 3 2220.92 3225 2837.58 4335
23 3 1643.98 2455 2584.9 4335
24 3 2671.31 3807 3119.41 4335
25 3 4353.37 6345 4283.93 7224
26 3 2781.35 4097 2966.06 4335
27 3 2775.7 4300 2572 4327
28 3 2346.51 3383 0 0
29 3 2482.75 3548 2767.75 4116
30 3 0 0 0 0
31 3 3126.58 5250 1419.45 3396
32 3 0 0 0 0
33 3 3858.18 5537 1657.3 3109
34 3 0 0 0 0
35 3 0 0 0 0
36 3 3392.29 4574 2024.32 2909
37 3 0 0 0 0
38 3 5887.41 11471 3255.9 5155
39 3 0 0 0 0
40 3 3043.22 5036 1226.87 2309
41 3 0 0 0 0
42 3 0 0 0 0
43 3 3829.11 5997 1180.56 1970
44 3 4119.36 5997 1181.26 1687
45 3 0 0 0 0
46 3 4208.35 5997 580.707 898
47 3 0 0 0 0
48 3 3520.41 5997 179.206 365
49 3 0 0 0 0
50 3 2780.84 4864 0 0
51 3 2940.78 5997 0 0
52 3 4008.96 5997 0 0
53 3 4154.44 5997 0 0
54 3 3852.99 5997 0 0
55 3 4166.12 5997 0 0
56 3 0 0 0 0
57 3 3343.59 5997 0 0
58 3 3299.02 5046 0 0
59 3 3142.92 4747 0 0
60 3 3954.31 5833 0 0
61 3 0 0 0 0
62 3 1845.15 2917 0 0
63 3 1650.07 2659 0 0
64 3 1364.22 2480 0 0
65 3 0 0 0 0
66 3 1091.59 1763 0 0
67 3 787.304 1686 0 0
68 3 713.249 1431 0 0
69 3 0 0 0 0
70 3 0 0 0 0
71 3 0 0 0 0
72 3 0 0 0 0
73 3 0 0 0 0
74 3 0 0 0 0
75 3 0 0 0 0
76 3 0 0 0 0
77 3 0 0 0 0
78 3 0 0 0 0
79 3 0 0 0 0
80 3 0 0 0 0
81 3 0 0 0 0
82 3 0 0 0 0
83 3 0 0 0 0
84 3 0 0 0 0
85 3 0 0 0 0
86 3 0 0 0 0
87 3 0 0 0 0
88 3 0 0 0 0
89 3 0 0 0 0
90 3 0 0 0 0
91 3 0 0 0 0
92 3 0 0 0 0
93 3 0 0 0 0
94 3 0 0 0 0
95 3 0 0 0 0
96 3 0 0 0 0
97 3 0 0 0 0
98 3 0 0 0 0
99 3 0 0 0 0
0 3.2 0 0 0 0
1 3.2 0 0 0 0
2 3.2 0 0 0 0
3 3.2 0 0 0 0
4 3.2 0 0 0 0
5 3.2 0 0 0 0
6 3.2 0 0 0 0
7 3.2 0 0 0 0
8 3.2 0 0 0 0
9 3.2 0 0 0 0
10 3.2 0 0 0 0
11 3.2 0 0 0 0
12 3.2 0 0 0 0
13 3.2 0 0 0 0
14 3.2 0 0 0 0
15 3.2 0 0 0 0
16 3.2 0 0 0 0
17 3.2 0 0 0 0
18 3.2 0 0 0 0
19 3.2 0 0 0 0
20 3.2 0 0 0 0
21 3.2 0 0 0 0
22 3.2 0 0 0 0
23 3.2 0 0 0 0
24 3.2 0 0 0 0
25 3.2 0 0 0 0
26 3.2 0 0 0 0
27 3.2 0 0 0 0
28 3.2 0 0 0 0
29 3.2 0 0 156.765 219
30 3.2 0 0 0 0
31 3.2 0 0 605.781 939
32 3.2 0 0 0 0
33 3.2 0 0 529.142 1226
34 3.2 0 0 0 0
35 3.2 0 0 0 0
36 3.2 0 0 816.14 1425
37 3.2 0 0 0 0
38 3.2 0 0 2403.81 3181
39 3.2 0 0 0 0
40 3.2 197.593 338 1154.05 2024
41 3.2 0 0 0 0
42 3.2 0 0 0 0
43 3.2 442.121 679 1668.75 2364
44 3.2 550.773 962 1974.36 2648
45 3.2 0 0 0 0
46 3.2 1261.88 1751 2387.2 3437
47 3.2 0 0 0 0
48 3.2 1409.16 2284 1889.38 3970
49 3.2 0 0 0 0
50 3.2 1600.52 2786 2992 4334
51 3.2 1963.13 3121 2742.09 4335
52 3.2 2083.27 3480 2786.08 4335
53 3.2 2926.4 4320 2589.61 3914
54 3.2 2250.32 4584 2030.41 3777
55 3.2 3094.68 4584 2428.15 3777
56 3.2 0 0 0 0
57 3.2 3078.86 5712 226.866 1252
58 3.2 2525.74 5712 760.724 928
59 3.2 3297.3 5711 0 0
60 3.2 2298.68 4180 0 0
61 3.2 0 0 0 0
62 3.2 3881.36 5711 0 0
63 3.2 3731.01 5712 0 0
64 3.2 3459.65 5712 0 0
65 3.2 0 0 0 0
66 3.2 3657.63 5712 0 0
67 3.2 3240.83 5712 0 0
68 3.2 3429.69 5712 0 0
69 3.2 2997.3 5626 0 0
70 3.2 3437.37 5275 0 0
71 3.2 2650.62 4054 0 0
72 3.2 0 0 0 0
73 3.2 1064.01 1940 0 0
74 3.2 0 0 0 0
75 3.2 879.267 1284 0 0
76 3.2 288.075 1066 0 0
77 3.2 565.79 776 0 0
78 3.2 133.59 295 0 0
79 3.2 0 0 0 0
80 3.2 0 0 0 0
81 3.2 0 0 0 0
82 3.2 0 0 0 0
83 3.2 0 0 0 0
84 3.2 0 0 0 0
85 3.2 0 0 0 0
86 3.2 0 0 0 0
87 3.2 0 0 0 0
88 3.2 0 0 0 0
89 3.2 0 0 0 0
90 3.2 0 0 0 0
91 3.2 0 0 0 0
92 3.2 0 0 0 0
93 3.2 0 0 0 0
94 3.2 0 0 0 0
95 3.2 0 0 0 0
96 3.2 0 0 0 0
97 3.2 0 0 0 0
98 3.2 0 0 0 0
99 3.2 0 0 0 0
0 3.4 0 0 0 0
1 3.4 0 0 0 0
2 3.4 0 0 0 0
3 3.4 0 0 0 0
4 3.4 0 0 0 0
5 3.4 0 0 0 0
6 3.4 0 0 0 0
7 3.4 0 0 0 0
8 3.4 0 0 0 0
9 3.4 0 0 0 0
10 3.4 0 0 0 0
11 3.4 0 0 0 0
12 3.4 0 0 0 0
13 3.4 0 0 0 0
14 3.4 0 0 0 0
15 3.4 0 0 0 0
16 3.4 0 0 0 0
17 3.4 0 0 0 0
18 3.4 0 0 0 0
19 3.4 0 0 0 0
20 3.4 0 0 0 0
21 3.4 0 0 0 0
22 3.4 0 0 0 0
23 3.4 0 0 0 0
24 3.4 0 0 0 0
25 3.4 0 0 0 0
26 3.4 0 0 0 0
27 3.4 0 0 0 0
28 3.4 0 0 0 0
29 3.4 0 0 0 0
30 3.4 0 0 0 0
31 3.4 0 0 0 0
32 3.4 0 0 0 0
33 3.4 0 0 0 0
34 3.4 0 0 0 0
35 3.4 0 0 0 0
36 3.4 0 0 0 0
37 3.4 0 0 0 0
38 3.4 0 0 0 0
39 3.4 0 0 0 0
40 3.4 0 0 0 0
41 3.4 0 0 0 0
42 3.4 0 0 0 0
43 3.4 0 0 0 0
44 3.4 0 0 0 0
45 3.4 0 0 0 0
46 3.4 0 0 0 0
47 3.4 0 0 0 0
48 3.4 0 0 0 0
49 3.4 0 0 0 0
50 3.4 0 0 0 0
51 3.4 0 0 0 0
52 3.4 0 0 0 0
53 3.4 0 0 157.437 421
54 3.4 0 0 293.762 558
55 3.4 0 0 270.752 558
56 3.4 0 0 0 0
57 3.4 107.031 1397 1368.43 3083
58 3.4 1022.88 1719 1684.5 2951
59 3.4 1742.02 3131 949.64 2549
60 3.4 1697.76 3496 2408.42 4331
61 3.4 0 0 0 0
62 3.4 3390.51 5452 961.122 1652
63 3.4 3274.31 5452 0 0
64 3.4 2114.73 5451 703.147 1215
65 3.4 0 0 0 0
66 3.4 3363.08 5451 330.44 498
67 3.4 3379.98 5451 226.794 421
68 3.4 3418.04 5452 115.994 166
69 3.4 3202.33 5452 0 0
70 3.4 3489.49 5452 0 0
71 3.4 2948.69 5451 0 0
72 3.4 0 0 0 0
73 3.4 2722.1 5451 0 0
74 3.4 0 0 0 0
75 3.4 2444.34 5452 0 0
76 3.4 1419.9 5451 0 0
77 3.4 3081 5452 0 0
78 3.4 1858.38 3813 0 0
79 3.4 1693.87 2924 0 0
80 3.4 2606.26 4301 0 0
81 3.4 2092.92 4242 0 0
82 3.4 0 0 0 0
83 3.4 479.925 783 0 0
84 3.4 331.175 792 0 0
85 3.4 727.798 1444 0 0
86 3.4 672.408 1173 0 0
87 3.4 0 0 0 0
88 3.4 122.643 182 0 0
89 3.4 75.2371 113 0 0
90 3.4 0 0 0 0
91 3.4 0 0 0 0
92 3.4 0 0 0 0
93 3.4 0 0 0 0
94 3.4 0 0 0 0
95 3.4 0 0 0 0
96 3.4 0 0 0 0
97 3.4 0 0 0 0
98 3.4 0 0 0 0
99 3.4 0 0 0 0
0 3.6 0 0 0 0
1 3.6 0 0 0 0
2 3.6 0 0 0 0
3 3.6 0 0 0 0
4 3.6 0 0 0 0
5 3.6 0 0 0 0
6 3.6 0 0 0 0
7 3.6 0 0 0 0
8 3.6 0 0 0 0
9 3.6 0 0 0 0
10 3.6 0 0 0 0
11 3.6 0 0 0 0
12 3.6 0 0 0 0
13 3.6 0 0 0 0
14 3.6 0 0 0 0
15 3.6 0 0 0 0
16 3.6 0 0 0 0
17 3.6 0 0 0 0
18 3.6 0 0 0 0
19 3.6 0 0 0 0
20 3.6 0 0 0 0
21 3.6 0 0 0 0
22 3.6 0 0 0 0
23 3.6 0 0 0 0
24 3.6 0 0 0 0
25 3.6 0 0 0 0
26 3.6 0 0 0 0
27 3.6 0 0 0 0
28 3.6 0 0 0 0
29 3.6 0 0 0 0
30 3.6 0 0 0 0
31 3.6 0 0 0 0
32 3.6 0 0 0 0
33 3.6 0 0 0 0
34 3.6 0 0 0 0
35 3.6 0 0 0 0
36 3.6 0 0 0 0
37 3.6 0 0 0 0
38 3.6 0 0 0 0
39 3.6 0 0 0 0
40 3.6 0 0 0 0
41 3.6 0 0 0 0
42 3.6 0 0 0 0
43 3.6 0 0 0 0
44 3.6 0 0 0 0
45 3.6 0 0 0 0
46 3.6 0 0 0 0
47 3.6 0 0 0 0
48 3.6 0 0 0 0
49 3.6 0 0 0 0
50 3.6 0 0 0 0
51 3.6 0 0 0 0
52 3.6 0 0 0 0
53 3.6 0 0 0 0
54 3.6 0 0 0 0
55 3.6 0 0 0 0
56 3.6 0 0 0 0
57 3.6 0 0 0 0
58 3.6 0 0 0 0
59 3.6 0 0 0 0
60 3.6 0 0 0 0
61 3.6 0 0 0 0
62 3.6 513.768 997 1684.95 2683
63 3.6 523.231 1254 0 0
64 3.6 271.996 1434 1277.8 3120
65 3.6 0 0 0 0
66 3.6 1204.21 2151 1880.6 3837
67 3.6 1330.92 2227 2272.78 3913
68 3.6 1666.48 2470 2425.3 4168
69 3.6 1697.83 3999 2137.85 3865
70 3.6 2606.47 4350 683.046 921
71 3.6 2688.72 5215 1221.26 2292
72 3.6 0 0 0 0
73 3.6 2415.9 5215 71.6983 178
74 3.6 0 0 0 0
75 3.6 2370.15 5213 0 0
76 3.6 2132.05 5215 0 0
77 3.6 2517.48 5208 0 0
78 3.6 2138.02 5214 0 0
79 3.6 3118.62 5204 0 0
80 3.6 3043.21 5204 0 0
81 3.6 2612.25 5214 0 0
82 3.6 0 0 0 0
83 3.6 2629.25 5213 0 0
84 3.6 2720.4 5212 0 0
85 3.6 2439.73 5206 0 0
86 3.6 2250.54 5197 0 0
87 3.6 0 0 0 0
88 3.6 2491.86 5214 0 0
89 3.6 2630.31 5215 0 0
90 3.6 0 0 0 0
91 3.6 1625.87 3492 0 0
92 3.6 1049.1 3121 0 0
93 3.6 1466.4 2317 0 0
94 3.6 1104.98 1625 0 0
95 3.6 983.331 2182 0 0
96 3.6 286.364 916 0 0
97 3.6 504.028 828 0 0
98 3.6 58.8306 276 0 0
99 3.6 27.3766 145 0 0
0 3.8 0 0 0 0
1 3.8 0 0 0 0
2 3.8 0 0 0 0
3 3.8 0 0 0 0
4 3.8 0 0 0 0
5 3.8 0 0 0 0
6 3.8 0 0 0 0
7 3.8 0 0 0 0
8 3.8 0 0 0 0
9 3.8 0 0 0 0
10 3.8 0 0 0 0
11 3.8 0 0 0 0
12 3.8 0 0 0 0
13 3.8 0 0 0 0
14 3.8 0 0 0 0
15 3.8 0 0 0 0
16 3.8 0 0 0 0
17 3.8 0 0 0 0
18 3.8 0 0 0 0
19 3.8 0 0 0 0
20 3.8 0 0 0 0
21 3.8 0 0 0 0
22 3.8 0 0 0 0
23 3.8 0 0 0 0
24 3.8 0 0 0 0
25 3.8 0 0 0 0
26 3.8 0 0 0 0
27 3.8 0 0 0 0
28 3.8 0 0 0 0
29 3.8 0 0 0 0
30 3.8 0 0 0 0
31 3.8 0 0 0 0
32 3.8 0 0 0 0
33 3.8 0 0 0 0
34 3.8 0 0 0 0
35 3.8 0 0 0 0
36 3.8 0 0 0 0
37 3.8 0 0 0 0
38 3.8 0 0 0 0
39 3.8 0 0 0 0
40 3.8 0 0 0 0
41 3.8 0 0 0 0
42 3.8 0 0 0 0
43 3.8 0 0 0 0
44 3.8 0 0 0 0
45 3.8 0 0 0 0
46 3.8 0 0 0 0
47 3.8 0 0 0 0
48 3.8 0 0 0 0
49 3.8 0 0 0 0
50 3.8 0 0 0 0
51 3.8 0 0 0 0
52 3.8 0 0 0 0
53 3.8 0 0 0 0
54 3.8 0 0 0 0
55 3.8 0 0 0 0
56 3.8 0 0 0 0
57 3.8 0 0 0 0
58 3.8 0 0 0 0
59 3.8 0 0 0 0
60 3.8 0 0 0 0
61 3.8 0 0 0 0
62 3.8 0 0 0 0
63 3.8 0 0 0 0
64 3.8 0 0 0 0
65 3.8 0 0 0 0
66 3.8 0 0 0 0
67 3.8 0 0 0 0
68 3.8 0 0 0 0
69 3.8 0 0 208.915 470
70 3.8 0 0 380.702 736
71 3.8 203.46 357 922.713 2043
72 3.8 0 0 0 0
73 3.8 990.337 2470 1825.63 4156
74 3.8 0 0 0 0
75 3.8 758.311 1555 1695.27 4166
76 3.8 1476.8 3344 1649.38 4302
77 3.8 1692.46 3631 1610.31 4012
78 3.8 1708.26 4116 1655.34 3531
79 3.8 1839.76 4994 1188.79 2355
80 3.8 1535.01 3431 1198.79 2097
81 3.8 2519.6 4995 1148.3 2025
82 3.8 0 0 0 0
83 3.8 2299.25 4995 132.368 212
84 3.8 2143.07 4998 98.7636 188
85 3.8 1624.46 4997 0 0
86 3.8 1959.35 4998 0 0
87 3.8 0 0 0 0
88 3.8 1459.41 3431 0 0
89 3.8 1978.52 4997 0 0
90 3.8 0 0 0 0
91 3.8 2164.19 4995 0 0
92 3.8 1988.12 4991 0 0
93 3.8 2495.06 4996 0 0
94 3.8 2140.79 4998 0 0
95 3.8 582.351 3441 0 0
96 3.8 1960.47 3495 0 0
97 3.8 2274.25 4997 0 0
98 3.8 1495.61 3224 0 0
99 3.8 2287.34 4995 0 0
0 4 0 0 0 0
1 4 0 0 0 0
2 4 0 0 0 0
3 4 0 0 0 0
4 4 0 0 0 0
5 4 0 0 0 0
6 4 0 0 0 0
7 4 0 0 0 0
8 4 0 0 0 0
9 4 0 0 0 0
10 4 0 0 0 0
11 4 0 0 0 0
12 4 0 0 0 0
13 4 0 0 0 0
14 4 0 0 0 0
15 4 0 0 0 0
16 4 0 0 0 0
17 4 0 0 0 0
18 4 0 0 0 0
19 4 0 0 0 0
20 4 0 0 0 0
21 4 0 0 0 0
22 4 0 0 0 0
23 4 0 0 0 0
24 4 0 0 0 0
25 4 0 0 0 0
26 4 0 0 0 0
27 4 0 0 0 0
28 4 0 0 0 0
29 4 0 0 0 0
30 4 0 0 0 0
31 4 0 0 0 0
32 4 0 0 0 0
33 4 0 0 0 0
34 4 0 0 0 0
35 4 0 0 0 0
36 4 0 0 0 0
37 4 0 0 0 0
38 4 0 0 0 0
39 4 0 0 0 0
40 4 0 0 0 0
41 4 0 0 0 0
42 4 0 0 0 0
43 4 0 0 0 0
44 4 0 0 0 0
45 4 0 0 0 0
46 4 0 0 0 0
47 4 0 0 0 0
48 4 0 0 0 0
49 4 0 0 0 0
50 4 0 0 0 0
51 4 0 0 0 0
52 4 0 0 0 0
53 4 0 0 0 0
54 4 0 0 0 0
55 4 0 0 0 0
56 4 0 0 0 0
57 4 0 0 0 0
58 4 0 0 0 0
59 4 0 0 0 0
60 4 0 0 0 0
61 4 0 0 0 0
62 4 0 0 0 0
63 4 0 0 0 0
64 4 0 0 0 0
65 4 0 0 0 0
66 4 0 0 0 0
67 4 0 0 0 0
68 4 0 0 0 0
69 4 0 0 0 0
70 4 0 0 0 0
71 4 0 0 0 0
72 4 0 0 0 0
73 4 0 0 0 0
74 4 0 0 0 0
75 4 0 0 0 0
76 4 0 0 0.439028 33
77 4 0 0 238.724 323
78 4 0 0 271.592 804
79 4 154.8 291 900.03 1977
80 4 178.984 552 1093.1 2238
81 4 258.412 622 1257.96 2309
82 4 0 0 0 0
83 4 935.007 2436 1786.21 4122
84 4 1009.84 2458 1338.77 4147
85 4 1217.95 3414 1668.84 4017
86 4 1830.31 3692 1738.2 3754
87 4 0 0 0 0
88 4 1916.14 4683 1244.37 2763
89 4 2044.08 4752 1305.09 2694
90 4 0 0 0 0
91 4 2099.07 4798 645.196 2489
92 4 2070.12 4797 824.003 2100
93 4 1745.18 4797 0 0
94 4 1883.54 4794 0 0
95 4 2409.13 4797 0 0
96 4 1367.62 4798 0 0
97 4 1931.01 4797 0 0
98 4 1876.09 4797 0 0
99 4 1901.26 4798 0 0
0 4.2 0 0 0 0
1 4.2 0 0 0 0
2 4.2 0 0 0 0
3 4.2 0 0 0 0
4 4.2 0 0 0 0
5 4.2 0 0 0 0
6 4.2 0 0 0 0
7 4.2 0 0 0 0
8 4.2 0 0 0 0
9 4.2 0 0 0 0
10 4.2 0 0 0 0
11 4.2 0 0 0 0
12 4.2 0 0 0 0
13 4.2 0 0 0 0
14 4.2 0 0 0 0
15 4.2 0 0 0 0
16 4.2 0 0 0 0
17 4.2 0 0 0 0
18 4.2 0 0 0 0
19 4.2 0 0 0 0
20 4.2 0 0 0 0
21 4.2 0 0 0 0
22 4.2 0 0 0 0
23 4.2 0 0 0 0
24 4.2 0 0 0 0
25 4.2 0 0 0 0
26 4.2 0 0 0 0
27 4.2 0 0 0 0
28 4.2 0 0 0 0
29 4.2 0 0 0 0
30 4.2 0 0 0 0
31 4.2 0 0 0 0
32 4.2 0 0 0 0
33 4.2 0 0 0 0
34 4.2 0 0 0 0
35 4.2 0 0 0 0
36 4.2 0 0 0 0
37 4.2 0 0 0 0
38 4.2 0 0 0 0
39 4.2 0 0 0 0
40 4.2 0 0 0 0
41 4.2 0 0 0 0
42 4.2 0 0 0 0
43 4.2 0 0 0 0
44 4.2 0 0 0 0
45 4.2 0 0 0 0
46 4.2 0 0 0 0
47 4.2 0 0 0 0
48 4.2 0 0 0 0
49 4.2 0 0 0 0
50 4.2 0 0 0 0
51 4.2 0 0 0 0
52 4.2 0 0 0 0
53 4.2 0 0 0 0
54 4.2 0 0 0 0
55 4.2 0 0 0 0
56 4.2 0 0 0 0
57 4.2 0 0 0 0
58 4.2 0 0 0 0
59 4.2 0 0 0 0
60 4.2 0 0 0 0
61 4.2 0 0 0 0
62 4.2 0 0 0 0
63 4.2 0 0 0 0
64 4.2 0 0 0 0
65 4.2 0 0 0 0
66 4.2 0 0 0 0
67 4.2 0 0 0 0
68 4.2 0 0 0 0
69 4.2 0 0 0 0
70 4.2 0 0 0 0
71 4.2 0 0 0 0
72 4.2 0 0 0 0
73 4.2 0 0 0 0
74 4.2 0 0 0 0
75 4.2 0 0 0 0
76 4.2 0 0 0 0
77 4.2 0 0 0 0
78 4.2 0 0 0 0
79 4.2 0 0 0 0
80 4.2 0 0 0 0
81 4.2 0 0 0 0
82 4.2 0 0 0 0
83 4.2 0 0 0 0
84 4.2 0 0 0 0
85 4.2 0 0 140.015 303
86 4.2 0 0 301.561 581
87 4.2 0 0 0 0
88 4.2 0 0 450.554 1572
89 4.2 0 0 667.645 1641
90 4.2 0 0 0 0
91 4.2 35.3123 160 607.258 1846
92 4.2 173.723 549 336.506 2235
93 4.2 966.07 2966 1522.92 4296
94 4.2 1127.1 2962 1787.9 4296
95 4.2 697.714 3086 1410.27 4162
96 4.2 1512.15 4366 805.645 2895
97 4.2 1134.93 4455 873.361 2807
98 4.2 1633.71 4613 979.72 2256
99 4.2 1652.32 4613 769.98 2124
