1 1 3 0.00316228 0 0
1 1 3 0.0040582 97.4627 1
1 1 3 0.00520795 12.9618 1
1 1 3 0.00668344 24.7707 1
1 1 3 0.00857696 28.03 1
1 1 3 0.0110069 13.0082 2
1 1 3 0.0141254 8.54557 3
1 1 3 0.0181273 20.0871 3
1 1 3 0.0232631 24.1617 4
1 1 3 0.0298538 11.9765 6
1 1 3 0.0383119 9.84135 7
1 1 3 0.0491662 3.59433 9
1 1 3 0.0630957 7.61256 11
4 0 3 0.00316228 0 0
4 0 3 0.0040582 10.5752 1
4 0 3 0.00520795 0 0
4 0 3 0.00668344 0 0
4 0 3 0.00857696 75.8835 1
4 0 3 0.0110069 0 0
4 0 3 0.0141254 0.80688 1
4 0 3 0.0181273 66.587 1
4 0 3 0.0232631 17.5092 2
4 0 3 0.0298538 22.2141 2
4 0 3 0.0383119 13.4068 2
4 0 3 0.0491662 8.19256 3
4 0 3 0.0630957 6.33974 4
4 1 3 0.00316228 16.6352 1
4 1 3 0.0040582 11.1239 1
4 1 3 0.00520795 6.57188 1
4 1 3 0.00668344 21.2309 1
4 1 3 0.00857696 130.611 2
4 1 3 0.0110069 90.6692 3
4 1 3 0.0141254 108.094 3
4 1 3 0.0181273 44.4525 4
4 1 3 0.0232631 71.0202 5
4 1 3 0.0298538 35.2305 7
4 1 3 0.0383119 44.8585 9
4 1 3 0.0491662 19.1287 11
4 1 3 0.0630957 19.0261 15
4 2 3 0.00316228 0 0
4 2 3 0.0040582 6.64671 1
4 2 3 0.00520795 0 0
4 2 3 0.00668344 0 0
4 2 3 0.00857696 8.5861 1
4 2 3 0.0110069 0 0
4 2 3 0.0141254 2.41281 1
4 2 3 0.0181273 10.39 1
4 2 3 0.0232631 -6.61334 2
4 2 3 0.0298538 3.60433 2
4 2 3 0.0383119 9.81801 2
4 2 3 0.0491662 3.46386 3
4 2 3 0.0630957 0.425478 3
5 0 3 0.00316228 0 0
5 0 3 0.0040582 25.1657 1
5 0 3 0.00520795 0 0
5 0 3 0.00668344 0 0
5 0 3 0.00857696 39.2752 1
5 0 3 0.0110069 15.2979 1
5 0 3 0.0141254 47.2605 1
5 0 3 0.0181273 2.45441 1
5 0 3 0.0232631 26.1848 1
5 0 3 0.0298538 22.1742 2
5 0 3 0.0383119 23.6978 3
5 0 3 0.0491662 8.6111 3
5 0 3 0.0630957 15.6805 4
5 1 3 0.00316228 25.4768 1
5 1 3 0.0040582 16.0464 1
5 1 3 0.00520795 46.7567 1
5 1 3 0.00668344 14.3003 2
5 1 3 0.00857696 11.7152 2
5 1 3 0.0110069 7.8358 2
5 1 3 0.0141254 10.3791 3
5 1 3 0.0181273 58.3541 5
5 1 3 0.0232631 35.1621 5
5 1 3 0.0298538 47.3811 7
5 1 3 0.0383119 55.4784 9
5 1 3 0.0491662 23.2225 11
5 1 3 0.0630957 15.0438 15
5 2 3 0.00316228 0 0
5 2 3 0.0040582 -1.93198 1
5 2 3 0.00520795 0 0
5 2 3 0.00668344 0 0
5 2 3 0.00857696 15.2361 1
5 2 3 0.0110069 -6.04961 1
5 2 3 0.0141254 23.2537 1
5 2 3 0.0181273 1.60494 1
5 2 3 0.0232631 15.808 1
5 2 3 0.0298538 9.60563 2
5 2 3 0.0383119 15.4895 3
5 2 3 0.0491662 -1.20112 3
5 2 3 0.0630957 2.58496 4
11 0 3 0.00316228 7.12365 1
11 0 3 0.0040582 0 0
11 0 3 0.00520795 31.6854 1
11 0 3 0.00668344 3.79398 1
11 0 3 0.00857696 194.421 2
11 0 3 0.0110069 30.8804 1
11 0 3 0.0141254 35.0193 3
11 0 3 0.0181273 70.3255 2
11 0 3 0.0232631 40.8522 4
11 0 3 0.0298538 50.6165 5
11 0 3 0.0383119 53.1595 6
11 0 3 0.0491662 38.8435 8
11 0 3 0.0630957 7.27042 9
11 1 3 0.00316228 57.5592 1
11 1 3 0.0040582 13.7494 1
11 1 3 0.00520795 226.984 2
11 1 3 0.00668344 37.8759 2
11 1 3 0.00857696 156.036 3
11 1 3 0.0110069 88.2973 4
11 1 3 0.0141254 25.7562 4
11 1 3 0.0181273 80.0816 6
11 1 3 0.0232631 51.593 8
11 1 3 0.0298538 35.9998 9
11 1 3 0.0383119 61.4842 13
11 1 3 0.0491662 26.465 16
11 1 3 0.0630957 22.5289 20
11 2 3 0.00316228 17.1641 1
11 2 3 0.0040582 0 0
11 2 3 0.00520795 34.242 1
11 2 3 0.00668344 -2.71286 1
11 2 3 0.00857696 145.556 2
11 2 3 0.0110069 18.2062 1
11 2 3 0.0141254 11.1929 3
11 2 3 0.0181273 50.6129 2
11 2 3 0.0232631 2.60654 4
11 2 3 0.0298538 40.9321 5
11 2 3 0.0383119 23.2464 6
11 2 3 0.0491662 15.2185 7
11 2 3 0.0630957 4.00035 10
16 0 3 0.00316228 28.577 1
16 0 3 0.0040582 25.4712 1
16 0 3 0.00520795 79.3581 2
16 0 3 0.00668344 11.6211 1
16 0 3 0.00857696 85.447 3
16 0 3 0.0110069 61.2777 3
16 0 3 0.0141254 123.673 3
16 0 3 0.0181273 38.27 5
16 0 3 0.0232631 116.601 6
16 0 3 0.0298538 74.7375 8
16 0 3 0.0383119 55.6566 10
16 0 3 0.0491662 84.5493 13
16 0 3 0.0630957 17.547 17
16 1 3 0.00316228 8.30301 2
16 1 3 0.0040582 39.7683 1
16 1 3 0.00520795 95.1527 3
16 1 3 0.00668344 229.368 3
16 1 3 0.00857696 23.913 3
16 1 3 0.0110069 56.8549 5
16 1 3 0.0141254 64.5495 6
16 1 3 0.0181273 61.4247 8
16 1 3 0.0232631 82.595 10
16 1 3 0.0298538 76.9818 13
16 1 3 0.0383119 73.8761 16
16 1 3 0.0491662 57.9955 21
16 1 3 0.0630957 43.7321 28
16 2 3 0.00316228 -2.42382 1
16 2 3 0.0040582 26.4144 1
16 2 3 0.00520795 15.3547 2
16 2 3 0.00668344 2.5212 1
16 2 3 0.00857696 62.1493 3
16 2 3 0.0110069 23.9645 3
16 2 3 0.0141254 24.4705 3
16 2 3 0.0181273 21.1033 5
16 2 3 0.0232631 78.3725 6
16 2 3 0.0298538 40.0124 8
16 2 3 0.0383119 34.8687 10
16 2 3 0.0491662 27.4172 13
16 2 3 0.0630957 2.98813 17
22 0 3 0.00316228 16.0778 1
22 0 3 0.0040582 36.882 1
22 0 3 0.00520795 83.5547 2
22 0 3 0.00668344 84.4148 2
22 0 3 0.00857696 134.514 3
22 0 3 0.0110069 104.541 4
22 0 3 0.0141254 59.9207 4
22 0 3 0.0181273 145.324 6
22 0 3 0.0232631 73.6641 7
22 0 3 0.0298538 66.6559 10
22 0 3 0.0383119 86.1343 12
22 0 3 0.0491662 57.206 16
22 0 3 0.0630957 35.3398 20
22 1 3 0.00316228 107.77 2
22 1 3 0.0040582 6.22527 1
22 1 3 0.00520795 28.2045 3
22 1 3 0.00668344 106.333 3
22 1 3 0.00857696 47.4672 3
22 1 3 0.0110069 103.785 5
22 1 3 0.0141254 53.4851 6
22 1 3 0.0181273 155.128 8
22 1 3 0.0232631 114.054 10
22 1 3 0.0298538 90.4901 13
22 1 3 0.0383119 84.0265 16
22 1 3 0.0491662 57.3829 22
22 1 3 0.0630957 55.6581 27
22 2 3 0.00316228 3.6687 1
22 2 3 0.0040582 -4.94128 1
22 2 3 0.00520795 9.9744 2
22 2 3 0.00668344 33.1233 1
22 2 3 0.00857696 75.0954 3
22 2 3 0.0110069 46.321 3
22 2 3 0.0141254 12.1975 3
22 2 3 0.0181273 103.136 5
22 2 3 0.0232631 31.181 6
22 2 3 0.0298538 27.9625 8
22 2 3 0.0383119 5.76743 10
22 2 3 0.0491662 10.3068 13
22 2 3 0.0630957 8.77391 17
24 0 3 0.00316228 56.9994 1
24 0 3 0.0040582 20.4267 1
24 0 3 0.00520795 103.712 2
24 0 3 0.00668344 138.388 3
24 0 3 0.00857696 33.4964 3
24 0 3 0.0110069 48.5079 4
24 0 3 0.0141254 92.9586 6
24 0 3 0.0181273 92.9037 7
24 0 3 0.0232631 94.4805 8
24 0 3 0.0298538 106.441 12
24 0 3 0.0383119 56.8704 14
24 0 3 0.0491662 62.886 19
24 0 3 0.0630957 33.9062 24
24 1 3 0.00316228 163.505 2
24 1 3 0.0040582 24.5441 1
24 1 3 0.00520795 112.172 3
24 1 3 0.00668344 77.3342 3
24 1 3 0.00857696 28.0933 3
24 1 3 0.0110069 36.9399 5
24 1 3 0.0141254 49.41 6
24 1 3 0.0181273 181.533 8
24 1 3 0.0232631 94.2947 10
24 1 3 0.0298538 79.46 13
24 1 3 0.0383119 53.696 16
24 1 3 0.0491662 49.4639 22
24 1 3 0.0630957 31.5394 27
24 2 3 0.00316228 129.071 1
24 2 3 0.0040582 3.42562 1
24 2 3 0.00520795 29.8751 2
24 2 3 0.00668344 -5.45495 1
24 2 3 0.00857696 26.8201 3
24 2 3 0.0110069 -0.354087 3
24 2 3 0.0141254 4.5398 3
24 2 3 0.0181273 5.01729 5
24 2 3 0.0232631 49.3787 6
24 2 3 0.0298538 27.6504 8
24 2 3 0.0383119 13.3232 10
24 2 3 0.0491662 15.567 13
24 2 3 0.0630957 6.08737 17
25 0 3 0.00316228 143.237 1
25 0 3 0.0040582 29.2198 1
25 0 3 0.00520795 64.9366 2
25 0 3 0.00668344 92.4187 3
25 0 3 0.00857696 94.293 3
25 0 3 0.0110069 58.517 4
25 0 3 0.0141254 126.905 6
25 0 3 0.0181273 106.878 7
25 0 3 0.0232631 89.573 8
25 0 3 0.0298538 92.6731 12
25 0 3 0.0383119 100.8 14
25 0 3 0.0491662 50.1786 19
25 0 3 0.0630957 28.7541 24
25 1 3 0.00316228 79.9598 2
25 1 3 0.0040582 5.57315 1
25 1 3 0.00520795 65.9139 3
25 1 3 0.00668344 107.326 3
25 1 3 0.00857696 130.031 3
25 1 3 0.0110069 99.1083 5
25 1 3 0.0141254 173.736 6
25 1 3 0.0181273 82.6396 8
25 1 3 0.0232631 116.14 10
25 1 3 0.0298538 107.568 13
25 1 3 0.0383119 69.9094 16
25 1 3 0.0491662 72.9514 22
25 1 3 0.0630957 43.0528 27
25 2 3 0.00316228 59.3678 1
25 2 3 0.0040582 29.5427 1
25 2 3 0.00520795 26.0822 2
25 2 3 0.00668344 -2.85003 1
25 2 3 0.00857696 29.3266 3
25 2 3 0.0110069 37.3179 3
25 2 3 0.0141254 30.406 3
25 2 3 0.0181273 33.0006 5
25 2 3 0.0232631 29.6595 6
25 2 3 0.0298538 28.5168 8
25 2 3 0.0383119 26.0221 10
25 2 3 0.0491662 20.8506 13
25 2 3 0.0630957 10.9866 17
26 0 3 0.00316228 2.11745 1
26 0 3 0.0040582 201.05 2
26 0 3 0.00520795 74.8499 2
26 0 3 0.00668344 64.2267 3
26 0 3 0.00857696 62.9735 3
26 0 3 0.0110069 28.6546 5
26 0 3 0.0141254 32.3582 6
26 0 3 0.0181273 60.9326 7
26 0 3 0.0232631 88.4266 9
26 0 3 0.0298538 73.4199 13
26 0 3 0.0383119 59.825 15
26 0 3 0.0491662 49.2726 20
26 0 3 0.0630957 37.0305 26
26 1 3 0.00316228 35.203 2
26 1 3 0.0040582 70.2965 1
26 1 3 0.00520795 132.809 3
26 1 3 0.00668344 166.883 3
26 1 3 0.00857696 61.4738 3
26 1 3 0.0110069 156.546 5
26 1 3 0.0141254 176.374 6
26 1 3 0.0181273 76.4858 8
26 1 3 0.0232631 73.4258 10
26 1 3 0.0298538 56.8433 13
26 1 3 0.0383119 67.0222 16
26 1 3 0.0491662 52.5575 22
26 1 3 0.0630957 25.5809 27
26 2 3 0.00316228 13.2942 1
26 2 3 0.0040582 37.8298 1
26 2 3 0.00520795 74.51 2
26 2 3 0.00668344 13.7792 1
26 2 3 0.00857696 8.34788 3
26 2 3 0.0110069 21.1455 3
26 2 3 0.0141254 19.9626 3
26 2 3 0.0181273 -6.17918 5
26 2 3 0.0232631 2.63698 6
26 2 3 0.0298538 19.1425 8
26 2 3 0.0383119 7.33962 10
26 2 3 0.0491662 4.52827 13
26 2 3 0.0630957 6.52047 17
28 0 3 0.00316228 61.0917 1
28 0 3 0.0040582 12.2185 2
28 0 3 0.00520795 15.4941 1
28 0 3 0.00668344 83.0554 3
28 0 3 0.00857696 67.7113 3
28 0 3 0.0110069 219.66 3
28 0 3 0.0141254 106.892 5
28 0 3 0.0181273 23.0569 6
28 0 3 0.0232631 52.4652 8
28 0 3 0.0298538 87.1069 10
28 0 3 0.0383119 69.3709 13
28 0 3 0.0491662 45.6741 16
28 0 3 0.0630957 36.0757 22
29 0 3 0.00316228 68.9538 2
29 0 3 0.0040582 20.4984 1
29 0 3 0.00520795 103.182 2
29 0 3 0.00668344 51.2791 2
29 0 3 0.00857696 74.1267 3
29 0 3 0.0110069 105.867 4
29 0 3 0.0141254 54.3896 5
29 0 3 0.0181273 25.7393 6
29 0 3 0.0232631 66.5782 9
29 0 3 0.0298538 117.794 10
29 0 3 0.0383119 103.477 14
29 0 3 0.0491662 60.3019 17
29 0 3 0.0630957 20.8246 22
29 1 3 0.00316228 136.222 1
29 1 3 0.0040582 16.4297 2
29 1 3 0.00520795 15.1229 2
29 1 3 0.00668344 64.7438 3
29 1 3 0.00857696 88.2154 3
29 1 3 0.0110069 72.8125 5
29 1 3 0.0141254 112.495 6
29 1 3 0.0181273 74.493 7
29 1 3 0.0232631 73.1029 10
29 1 3 0.0298538 105.015 12
29 1 3 0.0383119 48.5121 16
29 1 3 0.0491662 74.3501 20
29 1 3 0.0630957 22.3911 26
29 2 3 0.00316228 71.5011 1
29 2 3 0.0040582 -8.34559 1
29 2 3 0.00520795 59.8477 2
29 2 3 0.00668344 15.168 1
29 2 3 0.00857696 78.0882 3
29 2 3 0.0110069 50.6807 3
29 2 3 0.0141254 36.2977 3
29 2 3 0.0181273 13.0245 5
29 2 3 0.0232631 22.9569 6
29 2 3 0.0298538 52.9874 8
29 2 3 0.0383119 51.8029 10
29 2 3 0.0491662 19.0844 13
29 2 3 0.0630957 2.0774 17
33 0 3 0.00316228 46.9988 1
33 0 3 0.0040582 87.9029 3
33 0 3 0.00520795 68.2688 2
33 0 3 0.00668344 146.475 4
33 0 3 0.00857696 45.1497 5
33 0 3 0.0110069 240.355 6
33 0 3 0.0141254 88.0149 8
33 0 3 0.0181273 249.268 10
33 0 3 0.0232631 102.037 13
33 0 3 0.0298538 110.689 16
33 0 3 0.0383119 109.624 21
33 0 3 0.0491662 62.7669 27
33 0 3 0.0630957 57.5157 35
33 1 3 0.00316228 36.9908 1
33 1 3 0.0040582 74.1213 1
33 1 3 0.00520795 165.5 2
33 1 3 0.00668344 48.3815 2
33 1 3 0.00857696 37.6573 3
33 1 3 0.0110069 71.5422 3
33 1 3 0.0141254 55.9767 4
33 1 3 0.0181273 66.0667 6
33 1 3 0.0232631 59.4119 7
33 1 3 0.0298538 83.5391 9
33 1 3 0.0383119 69.1019 12
33 1 3 0.0491662 43.1469 15
33 1 3 0.0630957 27.1548 20
33 2 3 0.00316228 58.9394 1
33 2 3 0.0040582 -25.0179 1
33 2 3 0.00520795 -29.1593 2
33 2 3 0.00668344 27.281 1
33 2 3 0.00857696 5.59931 3
33 2 3 0.0110069 -21.7946 3
33 2 3 0.0141254 2.71272 3
33 2 3 0.0181273 27.2931 5
33 2 3 0.0232631 15.3525 6
33 2 3 0.0298538 32.2659 8
33 2 3 0.0383119 22.4984 10
33 2 3 0.0491662 5.12956 13
33 2 3 0.0630957 1.67662 17
36 0 3 0.00316228 34.0709 1
36 0 3 0.0040582 88.1259 2
36 0 3 0.00520795 33.3457 2
36 0 3 0.00668344 103.707 3
36 0 3 0.00857696 115.562 4
36 0 3 0.0110069 72.6747 5
36 0 3 0.0141254 131.596 7
36 0 3 0.0181273 67.6454 8
36 0 3 0.0232631 101.098 10
36 0 3 0.0298538 100.876 14
36 0 3 0.0383119 86.2698 17
36 0 3 0.0491662 64.1524 23
36 0 3 0.0630957 38.0044 29
36 1 3 0.00316228 4.14374 1
36 1 3 0.0040582 41.8301 1
36 1 3 0.00520795 77.5529 1
36 1 3 0.00668344 39.4606 2
36 1 3 0.00857696 54.3419 3
36 1 3 0.0110069 28.1231 3
36 1 3 0.0141254 41.7285 4
36 1 3 0.0181273 23.1541 5
36 1 3 0.0232631 49.6728 7
36 1 3 0.0298538 70.7346 9
36 1 3 0.0383119 64.411 11
36 1 3 0.0491662 46.6583 14
36 1 3 0.0630957 17.1317 18
36 2 3 0.00316228 -0.598016 1
36 2 3 0.0040582 10.7923 1
36 2 3 0.00520795 27.6626 2
36 2 3 0.00668344 -4.92035 1
36 2 3 0.00857696 2.1375 3
36 2 3 0.0110069 22.0574 3
36 2 3 0.0141254 3.13536 3
36 2 3 0.0181273 -9.45151 5
36 2 3 0.0232631 26.6621 6
36 2 3 0.0298538 22.4948 8
36 2 3 0.0383119 23.8046 10
36 2 3 0.0491662 14.8564 13
36 2 3 0.0630957 5.93125 17
38 0 3 0.00316228 27.4679 2
38 0 3 0.0040582 46.0224 2
38 0 3 0.00520795 161.529 4
38 0 3 0.00668344 46.6919 3
38 0 3 0.00857696 107.056 6
38 0 3 0.0110069 123.179 6
38 0 3 0.0141254 56.2366 8
38 0 3 0.0181273 112.598 11
38 0 3 0.0232631 171.999 14
38 0 3 0.0298538 113.228 18
38 0 3 0.0383119 89.4473 23
38 0 3 0.0491662 77.3909 29
38 0 3 0.0630957 47.3463 37
38 1 3 0.00316228 29.4804 1
38 1 3 0.0040582 120.287 1
38 1 3 0.00520795 31.6983 2
38 1 3 0.00668344 45.2305 2
38 1 3 0.00857696 23.4553 2
38 1 3 0.0110069 34.0502 3
38 1 3 0.0141254 33.7998 4
38 1 3 0.0181273 13.2132 4
38 1 3 0.0232631 79.9562 7
38 1 3 0.0298538 49.9871 8
38 1 3 0.0383119 29.6923 10
38 1 3 0.0491662 19.3002 13
38 1 3 0.0630957 31.4635 17
38 2 3 0.00316228 4.52782 1
38 2 3 0.0040582 17.1273 1
38 2 3 0.00520795 -14.4152 2
38 2 3 0.00668344 8.63286 1
38 2 3 0.00857696 0.139706 3
38 2 3 0.0110069 25.6352 3
38 2 3 0.0141254 9.82775 3
38 2 3 0.0181273 2.19395 5
38 2 3 0.0232631 16.9829 6
38 2 3 0.0298538 1.52624 8
38 2 3 0.0383119 0.700939 10
38 2 3 0.0491662 5.05495 13
38 2 3 0.0630957 12.9132 17
43 0 3 0.00316228 194.029 2
43 0 3 0.0040582 102.186 2
43 0 3 0.00520795 255.275 4
43 0 3 0.00668344 139.376 4
43 0 3 0.00857696 84.7388 5
43 0 3 0.0110069 116.859 6
43 0 3 0.0141254 123.653 9
43 0 3 0.0181273 98.1446 10
43 0 3 0.0232631 202.889 14
43 0 3 0.0298538 120.381 18
43 0 3 0.0383119 133.521 23
43 0 3 0.0491662 98.8644 29
43 0 3 0.0630957 62.2127 38
43 1 3 0.00316228 0 0
43 1 3 0.0040582 90.7463 1
43 1 3 0.00520795 24.3617 1
43 1 3 0.00668344 35.7183 1
43 1 3 0.00857696 19.4081 2
43 1 3 0.0110069 97.5896 2
43 1 3 0.0141254 30.1339 3
43 1 3 0.0181273 40.6444 4
43 1 3 0.0232631 40.8049 4
43 1 3 0.0298538 32.0324 6
43 1 3 0.0383119 38.3372 8
43 1 3 0.0491662 18.9535 9
43 1 3 0.0630957 13.0638 13
43 2 3 0.00316228 0 0
43 2 3 0.0040582 128.525 1
43 2 3 0.00520795 45.6856 1
43 2 3 0.00668344 61.7616 1
43 2 3 0.00857696 1.691 2
43 2 3 0.0110069 65.1012 2
43 2 3 0.0141254 24.5844 3
43 2 3 0.0181273 36.5951 4
43 2 3 0.0232631 36.6948 4
43 2 3 0.0298538 15.2168 6
43 2 3 0.0383119 0.204862 7
43 2 3 0.0491662 9.27985 10
43 2 3 0.0630957 0.827684 12
44 0 3 0.00316228 130.998 2
44 0 3 0.0040582 69.9975 2
44 0 3 0.00520795 58.3836 4
44 0 3 0.00668344 104.356 4
44 0 3 0.00857696 65.312 5
44 0 3 0.0110069 209.708 6
44 0 3 0.0141254 129.195 9
44 0 3 0.0181273 137.807 10
44 0 3 0.0232631 128.31 14
44 0 3 0.0298538 94.6745 18
44 0 3 0.0383119 185.05 23
44 0 3 0.0491662 135.764 29
44 0 3 0.0630957 71.9433 38
44 1 3 0.00316228 115.7 1
44 1 3 0.0040582 39.53 1
44 1 3 0.00520795 0 0
44 1 3 0.00668344 104.407 2
44 1 3 0.00857696 22.5176 1
44 1 3 0.0110069 31.9947 2
44 1 3 0.0141254 7.85646 2
44 1 3 0.0181273 24.029 3
44 1 3 0.0232631 15.8794 4
44 1 3 0.0298538 12.2276 5
44 1 3 0.0383119 12.7037 7
44 1 3 0.0491662 12.7802 8
44 1 3 0.0630957 13.1963 10
44 2 3 0.00316228 66.0828 1
44 2 3 0.0040582 -1.96309 1
44 2 3 0.00520795 0 0
44 2 3 0.00668344 95.248 2
44 2 3 0.00857696 7.04162 1
44 2 3 0.0110069 33.0509 2
44 2 3 0.0141254 12.3856 2
44 2 3 0.0181273 18.4386 3
44 2 3 0.0232631 16.0621 4
44 2 3 0.0298538 -0.387389 5
44 2 3 0.0383119 10.3429 7
44 2 3 0.0491662 1.03154 8
44 2 3 0.0630957 10.1897 10
46 0 3 0.00316228 111.942 2
46 0 3 0.0040582 84.3399 2
46 0 3 0.00520795 66.8648 4
46 0 3 0.00668344 94.087 4
46 0 3 0.00857696 164.103 5
46 0 3 0.0110069 113.821 6
46 0 3 0.0141254 312.531 9
46 0 3 0.0181273 222.875 10
46 0 3 0.0232631 221.888 14
46 0 3 0.0298538 121.405 18
46 0 3 0.0383119 92.7825 23
46 0 3 0.0491662 74.6984 29
46 0 3 0.0630957 50.2789 38
46 1 3 0.00316228 87.0233 1
46 1 3 0.0040582 0 0
46 1 3 0.00520795 1.72929 1
46 1 3 0.00668344 0 0
46 1 3 0.00857696 116.137 1
46 1 3 0.0110069 26.0496 1
46 1 3 0.0141254 42.0978 1
46 1 3 0.0181273 39.6596 2
46 1 3 0.0232631 10.3195 2
46 1 3 0.0298538 32.9412 3
46 1 3 0.0383119 16.8348 3
46 1 3 0.0491662 4.86942 4
46 1 3 0.0630957 13.5125 6
46 2 3 0.00316228 29.4217 1
46 2 3 0.0040582 0 0
46 2 3 0.00520795 2.07386 1
46 2 3 0.00668344 0 0
46 2 3 0.00857696 -0.619216 1
46 2 3 0.0110069 -13.7114 1
46 2 3 0.0141254 16.3375 1
46 2 3 0.0181273 12.5994 2
46 2 3 0.0232631 1.66857 2
46 2 3 0.0298538 11.69 3
46 2 3 0.0383119 -8.28645 3
46 2 3 0.0491662 1.38274 4
46 2 3 0.0630957 0.880636 6
51 0 3 0.00316228 89.0116 2
51 0 3 0.0040582 65.0386 2
51 0 3 0.00520795 140.109 4
51 0 3 0.00668344 148.451 4
51 0 3 0.00857696 147.307 5
51 0 3 0.0110069 183.607 6
51 0 3 0.0141254 295.237 9
51 0 3 0.0181273 147.184 10
51 0 3 0.0232631 263.912 14
51 0 3 0.0298538 146.783 18
51 0 3 0.0383119 78.5434 23
51 0 3 0.0491662 68.2 29
51 0 3 0.0630957 40.8943 38
53 0 3 0.00316228 105.435 2
53 0 3 0.0040582 32.8796 2
53 0 3 0.00520795 115.726 4
53 0 3 0.00668344 92.6905 4
53 0 3 0.00857696 121.899 5
53 0 3 0.0110069 142.422 6
53 0 3 0.0141254 240.857 9
53 0 3 0.0181273 118.14 10
53 0 3 0.0232631 138.728 14
53 0 3 0.0298538 97.2227 18
53 0 3 0.0383119 127.817 23
53 0 3 0.0491662 103.018 29
53 0 3 0.0630957 54.4526 38
54 0 3 0.00316228 110.257 2
54 0 3 0.0040582 59.0256 2
54 0 3 0.00520795 275.01 4
54 0 3 0.00668344 145.071 4
54 0 3 0.00857696 85.4563 5
54 0 3 0.0110069 127.962 6
54 0 3 0.0141254 170.953 9
54 0 3 0.0181273 108.656 10
54 0 3 0.0232631 223.908 14
54 0 3 0.0298538 104.139 18
54 0 3 0.0383119 79.6973 23
54 0 3 0.0491662 62.0185 29
54 0 3 0.0630957 71.8302 38
55 0 3 0.00316228 53.149 2
55 0 3 0.0040582 27.2251 2
55 0 3 0.00520795 195.588 4
55 0 3 0.00668344 125.148 4
55 0 3 0.00857696 259.826 5
55 0 3 0.0110069 208.426 6
55 0 3 0.0141254 203.204 9
55 0 3 0.0181273 75.4036 10
55 0 3 0.0232631 113.138 14
55 0 3 0.0298538 116.142 18
55 0 3 0.0383119 121.896 23
55 0 3 0.0491662 82.0735 29
55 0 3 0.0630957 54.6605 38
57 0 3 0.00316228 19.9837 2
57 0 3 0.0040582 145.2 2
57 0 3 0.00520795 129.217 4
57 0 3 0.00668344 86.082 4
57 0 3 0.00857696 72.0429 5
57 0 3 0.0110069 208.863 6
57 0 3 0.0141254 188.091 9
57 0 3 0.0181273 102.233 10
57 0 3 0.0232631 123.268 14
57 0 3 0.0298538 172.716 18
57 0 3 0.0383119 109.502 23
57 0 3 0.0491662 86.213 29
57 0 3 0.0630957 58.6817 38
58 0 3 0.00316228 30.4468 2
58 0 3 0.0040582 143.078 2
58 0 3 0.00520795 51.1056 2
58 0 3 0.00668344 72.056 4
58 0 3 0.00857696 138.743 4
58 0 3 0.0110069 178.265 6
58 0 3 0.0141254 111.439 7
58 0 3 0.0181273 84.6695 9
58 0 3 0.0232631 56.5422 11
58 0 3 0.0298538 125.06 15
58 0 3 0.0383119 130.343 20
58 0 3 0.0491662 91.4687 24
58 0 3 0.0630957 83.63 32
59 0 3 0.00316228 154.181 1
59 0 3 0.0040582 88.0043 2
59 0 3 0.00520795 82.2482 3
59 0 3 0.00668344 63.8738 3
59 0 3 0.00857696 64.4825 4
59 0 3 0.0110069 47.9369 5
59 0 3 0.0141254 114.723 7
59 0 3 0.0181273 102.837 8
59 0 3 0.0232631 174.371 11
59 0 3 0.0298538 108.752 14
59 0 3 0.0383119 55.6354 18
59 0 3 0.0491662 74.7652 24
59 0 3 0.0630957 45.6377 30
60 0 3 0.00316228 20.9337 2
60 0 3 0.0040582 64.042 2
60 0 3 0.00520795 97.4383 3
60 0 3 0.00668344 67.3106 4
60 0 3 0.00857696 105.706 5
60 0 3 0.0110069 110.3 6
60 0 3 0.0141254 163.586 9
60 0 3 0.0181273 208.135 10
60 0 3 0.0232631 134.538 14
60 0 3 0.0298538 169.193 17
60 0 3 0.0383119 120.696 22
60 0 3 0.0491662 99.9978 29
60 0 3 0.0630957 53.1969 36
62 0 3 0.00316228 140.786 1
62 0 3 0.0040582 39.3047 1
62 0 3 0.00520795 54.0795 1
62 0 3 0.00668344 2.34648 2
62 0 3 0.00857696 106.275 3
62 0 3 0.0110069 78.6708 3
62 0 3 0.0141254 90.1689 4
62 0 3 0.0181273 76.7039 5
62 0 3 0.0232631 127.811 7
62 0 3 0.0298538 102.173 9
62 0 3 0.0383119 55.916 11
62 0 3 0.0491662 35.4128 14
62 0 3 0.0630957 45.6605 18
63 0 3 0.00316228 15.6354 1
63 0 3 0.0040582 17.4736 1
63 0 3 0.00520795 39.1464 2
63 0 3 0.00668344 50.7132 2
63 0 3 0.00857696 33.9507 2
63 0 3 0.0110069 62.5791 3
63 0 3 0.0141254 60.7406 3
63 0 3 0.0181273 186.156 5
63 0 3 0.0232631 64.3955 6
63 0 3 0.0298538 97.7011 8
63 0 3 0.0383119 86.3196 10
63 0 3 0.0491662 64.7239 13
63 0 3 0.0630957 39.5051 17
64 0 3 0.00316228 60.4506 1
64 0 3 0.0040582 38.8982 1
64 0 3 0.00520795 2.26265 1
64 0 3 0.00668344 159.395 2
64 0 3 0.00857696 23.8961 2
64 0 3 0.0110069 83.4055 3
64 0 3 0.0141254 96.3514 3
64 0 3 0.0181273 132.09 5
64 0 3 0.0232631 91.2279 6
64 0 3 0.0298538 33.1369 7
64 0 3 0.0383119 38.5504 9
64 0 3 0.0491662 39.7455 12
64 0 3 0.0630957 24.9579 16
66 0 3 0.00316228 37.9257 1
66 0 3 0.0040582 43.5644 1
66 0 3 0.00520795 21.2597 1
66 0 3 0.00668344 67.5712 1
66 0 3 0.00857696 25.9647 1
66 0 3 0.0110069 83.835 2
66 0 3 0.0141254 56.436 3
66 0 3 0.0181273 47.1893 3
66 0 3 0.0232631 127.355 4
66 0 3 0.0298538 32.8192 5
66 0 3 0.0383119 52.7701 7
66 0 3 0.0491662 41.221 9
66 0 3 0.0630957 16.1865 11
67 0 3 0.00316228 111.494 1
67 0 3 0.0040582 30.9325 1
67 0 3 0.00520795 0 0
67 0 3 0.00668344 9.20568 2
67 0 3 0.00857696 31.3411 1
67 0 3 0.0110069 75.1648 2
67 0 3 0.0141254 38.422 2
67 0 3 0.0181273 44.6312 3
67 0 3 0.0232631 73.0346 4
67 0 3 0.0298538 57.5121 5
67 0 3 0.0383119 24.1183 7
67 0 3 0.0491662 19.0972 8
67 0 3 0.0630957 13.1038 10
68 0 3 0.00316228 54.5217 1
68 0 3 0.0040582 0 0
68 0 3 0.00520795 105.004 1
68 0 3 0.00668344 12.9441 1
68 0 3 0.00857696 10.6551 1
68 0 3 0.0110069 32.0245 2
68 0 3 0.0141254 29.2014 2
68 0 3 0.0181273 15.743 2
68 0 3 0.0232631 26.8612 4
68 0 3 0.0298538 65.3036 4
68 0 3 0.0383119 15.6873 5
68 0 3 0.0491662 9.81532 7
68 0 3 0.0630957 15.3778 9
33 1 3.2 0.00316228 0 0
33 1 3.2 0.0040582 46.8411 1
33 1 3.2 0.00520795 0 0
33 1 3.2 0.00668344 19.8423 1
33 1 3.2 0.00857696 6.17042 1
33 1 3.2 0.0110069 39.7841 2
33 1 3.2 0.0141254 38.3742 1
33 1 3.2 0.0181273 49.5082 3
33 1 3.2 0.0232631 17.3418 2
33 1 3.2 0.0298538 16.7959 4
33 1 3.2 0.0383119 25.7856 5
33 1 3.2 0.0491662 8.85062 6
33 1 3.2 0.0630957 10.5646 7
36 1 3.2 0.00316228 192.84 1
36 1 3.2 0.0040582 0 0
36 1 3.2 0.00520795 10.0702 1
36 1 3.2 0.00668344 100.47 1
36 1 3.2 0.00857696 19.0228 1
36 1 3.2 0.0110069 13.6046 2
36 1 3.2 0.0141254 15.3501 2
36 1 3.2 0.0181273 18.7027 2
36 1 3.2 0.0232631 16.6608 3
36 1 3.2 0.0298538 35.3298 5
36 1 3.2 0.0383119 15.7658 5
36 1 3.2 0.0491662 16.3298 7
36 1 3.2 0.0630957 19.7955 9
38 1 3.2 0.00316228 64.391 1
38 1 3.2 0.0040582 0.393742 1
38 1 3.2 0.00520795 0 0
38 1 3.2 0.00668344 31.8407 1
38 1 3.2 0.00857696 41.0312 2
38 1 3.2 0.0110069 33.9928 2
38 1 3.2 0.0141254 36.443 2
38 1 3.2 0.0181273 11.1896 3
38 1 3.2 0.0232631 37.1882 4
38 1 3.2 0.0298538 28.8128 5
38 1 3.2 0.0383119 20.1411 6
38 1 3.2 0.0491662 17.8287 8
38 1 3.2 0.0630957 17.1023 11
43 0 3.2 0.00316228 0 0
43 0 3.2 0.0040582 70.4784 1
43 0 3.2 0.00520795 0 0
43 0 3.2 0.00668344 24.1314 1
43 0 3.2 0.00857696 0 0
43 0 3.2 0.0110069 20.2052 1
43 0 3.2 0.0141254 42.8108 1
43 0 3.2 0.0181273 2.54186 1
43 0 3.2 0.0232631 36.0638 2
43 0 3.2 0.0298538 7.05876 2
43 0 3.2 0.0383119 2.75627 2
43 0 3.2 0.0491662 11.4747 4
43 0 3.2 0.0630957 13.4644 4
43 1 3.2 0.00316228 21.9445 1
43 1 3.2 0.0040582 11.867 1
43 1 3.2 0.00520795 17.3532 1
43 1 3.2 0.00668344 7.45419 2
43 1 3.2 0.00857696 5.11867 2
43 1 3.2 0.0110069 33.5127 2
43 1 3.2 0.0141254 56.0582 4
43 1 3.2 0.0181273 26.9124 4
43 1 3.2 0.0232631 46.0611 5
43 1 3.2 0.0298538 37.8399 7
43 1 3.2 0.0383119 38.6135 9
43 1 3.2 0.0491662 36.9294 12
43 1 3.2 0.0630957 11.0918 15
43 2 3.2 0.00316228 0 0
43 2 3.2 0.0040582 35.3091 1
43 2 3.2 0.00520795 0 0
43 2 3.2 0.00668344 2.00021 1
43 2 3.2 0.00857696 0 0
43 2 3.2 0.0110069 6.1976 1
43 2 3.2 0.0141254 0.239466 1
43 2 3.2 0.0181273 1.17019 1
43 2 3.2 0.0232631 28.1845 2
43 2 3.2 0.0298538 -3.54145 2
43 2 3.2 0.0383119 0.294859 2
43 2 3.2 0.0491662 4.90184 3
43 2 3.2 0.0630957 3.19013 5
44 0 3.2 0.00316228 0 0
44 0 3.2 0.0040582 0 0
44 0 3.2 0.00520795 260.617 1
44 0 3.2 0.00668344 0 0
44 0 3.2 0.00857696 49.0174 1
44 0 3.2 0.0110069 39.1852 1
44 0 3.2 0.0141254 25.652 2
44 0 3.2 0.0181273 3.97673 1
44 0 3.2 0.0232631 34.2544 3
44 0 3.2 0.0298538 23.7935 2
44 0 3.2 0.0383119 15.3932 4
44 0 3.2 0.0491662 30.3005 5
44 0 3.2 0.0630957 8.09717 6
44 1 3.2 0.00316228 1.46962 1
44 1 3.2 0.0040582 124.979 1
44 1 3.2 0.00520795 9.14775 2
44 1 3.2 0.00668344 24.3148 1
44 1 3.2 0.00857696 71.9159 3
44 1 3.2 0.0110069 41.4374 3
44 1 3.2 0.0141254 49.4708 3
44 1 3.2 0.0181273 27.2844 5
44 1 3.2 0.0232631 27.5006 6
44 1 3.2 0.0298538 49.8679 8
44 1 3.2 0.0383119 58.6554 10
44 1 3.2 0.0491662 41.0444 13
44 1 3.2 0.0630957 16.6295 17
44 2 3.2 0.00316228 0 0
44 2 3.2 0.0040582 0 0
44 2 3.2 0.00520795 -24.3377 1
44 2 3.2 0.00668344 0 0
44 2 3.2 0.00857696 67.8704 1
44 2 3.2 0.0110069 34.7191 1
44 2 3.2 0.0141254 30.8664 2
44 2 3.2 0.0181273 5.12607 1
44 2 3.2 0.0232631 11.5869 3
44 2 3.2 0.0298538 6.34272 2
44 2 3.2 0.0383119 7.72314 4
44 2 3.2 0.0491662 17.814 5
44 2 3.2 0.0630957 3.42098 6
46 0 3.2 0.00316228 0.661634 1
46 0 3.2 0.0040582 13.7383 1
46 0 3.2 0.00520795 19.2135 1
46 0 3.2 0.00668344 20.6343 1
46 0 3.2 0.00857696 94.6813 1
46 0 3.2 0.0110069 19.8121 2
46 0 3.2 0.0141254 96.1621 3
46 0 3.2 0.0181273 92.0533 3
46 0 3.2 0.0232631 59.3391 4
46 0 3.2 0.0298538 17.8489 5
46 0 3.2 0.0383119 19.4916 7
46 0 3.2 0.0491662 54.022 8
46 0 3.2 0.0630957 23.6168 11
46 1 3.2 0.00316228 96.4309 1
46 1 3.2 0.0040582 84.9011 2
46 1 3.2 0.00520795 25.1012 2
46 1 3.2 0.00668344 52.8428 2
46 1 3.2 0.00857696 104.661 3
46 1 3.2 0.0110069 48.5544 4
46 1 3.2 0.0141254 78.6996 4
46 1 3.2 0.0181273 110.514 7
46 1 3.2 0.0232631 35.3738 8
46 1 3.2 0.0298538 36.6038 10
46 1 3.2 0.0383119 53.4159 13
46 1 3.2 0.0491662 47.7171 17
46 1 3.2 0.0630957 29.7367 21
46 2 3.2 0.00316228 -10.045 1
46 2 3.2 0.0040582 3.6862 1
46 2 3.2 0.00520795 -6.27994 1
46 2 3.2 0.00668344 0.154183 1
46 2 3.2 0.00857696 33.0386 1
46 2 3.2 0.0110069 11.3686 2
46 2 3.2 0.0141254 13.0778 3
46 2 3.2 0.0181273 -8.98272 3
46 2 3.2 0.0232631 11.5522 4
46 2 3.2 0.0298538 -0.846912 5
46 2 3.2 0.0383119 2.21759 7
46 2 3.2 0.0491662 13.6037 8
46 2 3.2 0.0630957 2.76585 11
51 0 3.2 0.00316228 33.7268 1
51 0 3.2 0.0040582 105.878 1
51 0 3.2 0.00520795 47.1541 2
51 0 3.2 0.00668344 51.8317 2
51 0 3.2 0.00857696 32.679 3
51 0 3.2 0.0110069 38.1596 3
51 0 3.2 0.0141254 92.9075 4
51 0 3.2 0.0181273 44.6766 6
51 0 3.2 0.0232631 136.845 7
51 0 3.2 0.0298538 119.331 9
51 0 3.2 0.0383119 70.7479 12
51 0 3.2 0.0491662 60.1258 16
51 0 3.2 0.0630957 32.5721 19
51 1 3.2 0.00316228 97.2958 2
51 1 3.2 0.0040582 97.0448 1
51 1 3.2 0.00520795 28.8521 3
51 1 3.2 0.00668344 92.6298 3
51 1 3.2 0.00857696 11.4261 3
51 1 3.2 0.0110069 165.236 5
51 1 3.2 0.0141254 79.5255 6
51 1 3.2 0.0181273 137.881 8
51 1 3.2 0.0232631 135.479 10
51 1 3.2 0.0298538 101.5 13
51 1 3.2 0.0383119 66.3117 16
51 1 3.2 0.0491662 58.4176 22
51 1 3.2 0.0630957 31.7354 27
51 2 3.2 0.00316228 -13.0018 1
51 2 3.2 0.0040582 100.323 1
51 2 3.2 0.00520795 8.63277 2
51 2 3.2 0.00668344 38.0438 1
51 2 3.2 0.00857696 -4.89192 3
51 2 3.2 0.0110069 -10.7991 3
51 2 3.2 0.0141254 22.8043 3
51 2 3.2 0.0181273 -9.85275 5
51 2 3.2 0.0232631 38.1064 6
51 2 3.2 0.0298538 34.9134 8
51 2 3.2 0.0383119 20.59 10
51 2 3.2 0.0491662 8.88958 13
51 2 3.2 0.0630957 3.01247 17
53 0 3.2 0.00316228 132.626 2
53 0 3.2 0.0040582 112.49 1
53 0 3.2 0.00520795 159.452 3
53 0 3.2 0.00668344 78.5419 3
53 0 3.2 0.00857696 82.0477 3
53 0 3.2 0.0110069 121.761 5
53 0 3.2 0.0141254 110.778 6
53 0 3.2 0.0181273 105.059 8
53 0 3.2 0.0232631 127.002 10
53 0 3.2 0.0298538 162.77 13
53 0 3.2 0.0383119 54.8262 16
53 0 3.2 0.0491662 60.1777 21
53 0 3.2 0.0630957 48.9798 27
53 1 3.2 0.00316228 17.8734 1
53 1 3.2 0.0040582 74.4785 2
53 1 3.2 0.00520795 60.2725 2
53 1 3.2 0.00668344 49.4243 2
53 1 3.2 0.00857696 78.0587 4
53 1 3.2 0.0110069 131.962 4
53 1 3.2 0.0141254 71.5355 5
53 1 3.2 0.0181273 81.8302 7
53 1 3.2 0.0232631 120.294 10
53 1 3.2 0.0298538 60.1676 11
53 1 3.2 0.0383119 70.143 15
53 1 3.2 0.0491662 66.0463 19
53 1 3.2 0.0630957 29.1892 25
53 2 3.2 0.00316228 28.2867 1
53 2 3.2 0.0040582 -39.7808 1
53 2 3.2 0.00520795 21.2081 1
53 2 3.2 0.00668344 20.9573 2
53 2 3.2 0.00857696 3.00988 2
53 2 3.2 0.0110069 75.7749 3
53 2 3.2 0.0141254 21.4567 4
53 2 3.2 0.0181273 16.4508 4
53 2 3.2 0.0232631 43.5213 6
53 2 3.2 0.0298538 20.8338 7
53 2 3.2 0.0383119 -2.18555 10
53 2 3.2 0.0491662 14.766 12
53 2 3.2 0.0630957 6.3255 16
54 0 3.2 0.00316228 0.123297 1
54 0 3.2 0.0040582 118.557 2
54 0 3.2 0.00520795 71.0521 2
54 0 3.2 0.00668344 197.05 3
54 0 3.2 0.00857696 35.8555 4
54 0 3.2 0.0110069 116.375 5
54 0 3.2 0.0141254 156.024 7
54 0 3.2 0.0181273 106.285 8
54 0 3.2 0.0232631 147.486 11
54 0 3.2 0.0298538 116.114 13
54 0 3.2 0.0383119 75.5959 18
54 0 3.2 0.0491662 81.3574 22
54 0 3.2 0.0630957 79.72 29
54 1 3.2 0.00316228 31.4391 1
54 1 3.2 0.0040582 38.1729 1
54 1 3.2 0.00520795 31.1059 2
54 1 3.2 0.00668344 5.26009 3
54 1 3.2 0.00857696 30.7171 3
54 1 3.2 0.0110069 64.4775 4
54 1 3.2 0.0141254 80.1252 6
54 1 3.2 0.0181273 64.2906 6
54 1 3.2 0.0232631 138.405 9
54 1 3.2 0.0298538 48.3067 11
54 1 3.2 0.0383119 73.955 15
54 1 3.2 0.0491662 26.7322 18
54 1 3.2 0.0630957 25.155 24
54 2 3.2 0.00316228 27.7275 1
54 2 3.2 0.0040582 22.4124 1
54 2 3.2 0.00520795 44.5812 2
54 2 3.2 0.00668344 -2.21449 1
54 2 3.2 0.00857696 -8.8147 3
54 2 3.2 0.0110069 44.6571 3
54 2 3.2 0.0141254 9.53471 3
54 2 3.2 0.0181273 35.7923 5
54 2 3.2 0.0232631 56.1096 6
54 2 3.2 0.0298538 20.2784 8
54 2 3.2 0.0383119 13.9374 10
54 2 3.2 0.0491662 1.78453 13
54 2 3.2 0.0630957 8.85026 17
55 0 3.2 0.00316228 5.93712 1
55 0 3.2 0.0040582 65.6221 2
55 0 3.2 0.00520795 18.3111 2
55 0 3.2 0.00668344 313.436 3
55 0 3.2 0.00857696 71.9371 4
55 0 3.2 0.0110069 227.554 5
55 0 3.2 0.0141254 146.839 7
55 0 3.2 0.0181273 87.4939 8
55 0 3.2 0.0232631 112.465 11
55 0 3.2 0.0298538 95.2801 13
55 0 3.2 0.0383119 114.786 18
55 0 3.2 0.0491662 81.5179 22
55 0 3.2 0.0630957 43.4951 29
55 1 3.2 0.00316228 5.89065 1
55 1 3.2 0.0040582 29.7259 1
55 1 3.2 0.00520795 253.301 2
55 1 3.2 0.00668344 57.5575 3
55 1 3.2 0.00857696 79.1222 3
55 1 3.2 0.0110069 82.1905 4
55 1 3.2 0.0141254 104.975 6
55 1 3.2 0.0181273 23.5122 6
55 1 3.2 0.0232631 121.904 9
55 1 3.2 0.0298538 68.3021 11
55 1 3.2 0.0383119 52.1082 15
55 1 3.2 0.0491662 50.2591 18
55 1 3.2 0.0630957 30.1304 24
55 2 3.2 0.00316228 -58.0467 1
55 2 3.2 0.0040582 -33.7101 1
55 2 3.2 0.00520795 143.836 2
55 2 3.2 0.00668344 -26.6709 1
55 2 3.2 0.00857696 22.4068 3
55 2 3.2 0.0110069 18.3122 3
55 2 3.2 0.0141254 21.5381 3
55 2 3.2 0.0181273 -8.6952 5
55 2 3.2 0.0232631 20.9625 6
55 2 3.2 0.0298538 14.7717 8
55 2 3.2 0.0383119 11.9728 10
55 2 3.2 0.0491662 20.5228 13
55 2 3.2 0.0630957 5.18794 17
57 0 3.2 0.00316228 118.412 2
57 0 3.2 0.0040582 111.95 2
57 0 3.2 0.00520795 127.823 3
57 0 3.2 0.00668344 164.762 4
57 0 3.2 0.00857696 143.498 5
57 0 3.2 0.0110069 141.557 6
57 0 3.2 0.0141254 247.409 8
57 0 3.2 0.0181273 213.627 10
57 0 3.2 0.0232631 209.123 13
57 0 3.2 0.0298538 149.146 17
57 0 3.2 0.0383119 140.796 22
57 0 3.2 0.0491662 95.9229 28
57 0 3.2 0.0630957 61.9142 36
57 1 3.2 0.00316228 0 0
57 1 3.2 0.0040582 9.09684 1
57 1 3.2 0.00520795 0 0
57 1 3.2 0.00668344 5.87803 1
57 1 3.2 0.00857696 11.3199 1
57 1 3.2 0.0110069 8.74975 2
57 1 3.2 0.0141254 5.69892 1
57 1 3.2 0.0181273 16.2263 3
57 1 3.2 0.0232631 3.03809 3
57 1 3.2 0.0298538 0.820482 3
57 1 3.2 0.0383119 4.40925 5
57 1 3.2 0.0491662 3.97155 6
57 1 3.2 0.0630957 3.25455 8
57 2 3.2 0.00316228 0 0
57 2 3.2 0.0040582 16.8896 1
57 2 3.2 0.00520795 0 0
57 2 3.2 0.00668344 10.9411 1
57 2 3.2 0.00857696 9.49838 1
57 2 3.2 0.0110069 4.29734 2
57 2 3.2 0.0141254 15.0588 1
57 2 3.2 0.0181273 28.893 3
57 2 3.2 0.0232631 3.76667 3
57 2 3.2 0.0298538 -0.0187696 3
57 2 3.2 0.0383119 3.70473 5
57 2 3.2 0.0491662 6.57586 6
57 2 3.2 0.0630957 3.12188 8
58 0 3.2 0.00316228 9.63899 2
58 0 3.2 0.0040582 25.0442 2
58 0 3.2 0.00520795 32.3848 3
58 0 3.2 0.00668344 110.096 4
58 0 3.2 0.00857696 93.4036 5
58 0 3.2 0.0110069 29.8536 6
58 0 3.2 0.0141254 113.31 8
58 0 3.2 0.0181273 57.428 10
58 0 3.2 0.0232631 68.4746 13
58 0 3.2 0.0298538 82.4742 17
58 0 3.2 0.0383119 56.9529 22
58 0 3.2 0.0491662 42.3122 28
58 0 3.2 0.0630957 45.2182 36
58 1 3.2 0.00316228 0 0
58 1 3.2 0.0040582 0 0
58 1 3.2 0.00520795 2.13876 1
58 1 3.2 0.00668344 0 0
58 1 3.2 0.00857696 3.54566 1
58 1 3.2 0.0110069 0.163936 1
58 1 3.2 0.0141254 4.97971 1
58 1 3.2 0.0181273 11.9349 2
58 1 3.2 0.0232631 24.0708 2
58 1 3.2 0.0298538 8.12028 3
58 1 3.2 0.0383119 29.2605 4
58 1 3.2 0.0491662 3.93621 4
58 1 3.2 0.0630957 12.2634 6
58 2 3.2 0.00316228 0 0
58 2 3.2 0.0040582 0 0
58 2 3.2 0.00520795 -1.88981 1
58 2 3.2 0.00668344 0 0
58 2 3.2 0.00857696 2.82417 1
58 2 3.2 0.0110069 1.24377 1
58 2 3.2 0.0141254 1.95836 1
58 2 3.2 0.0181273 5.89983 2
58 2 3.2 0.0232631 8.25947 2
58 2 3.2 0.0298538 2.86092 3
58 2 3.2 0.0383119 9.01188 3
58 2 3.2 0.0491662 0.519268 5
58 2 3.2 0.0630957 1.61395 6
59 0 3.2 0.00316228 143.577 2
59 0 3.2 0.0040582 105.641 2
59 0 3.2 0.00520795 290.001 3
59 0 3.2 0.00668344 37.4441 4
59 0 3.2 0.00857696 87.0129 5
59 0 3.2 0.0110069 103.823 6
59 0 3.2 0.0141254 250.695 8
59 0 3.2 0.0181273 232.464 10
59 0 3.2 0.0232631 113.637 13
59 0 3.2 0.0298538 209.29 17
59 0 3.2 0.0383119 168.314 22
59 0 3.2 0.0491662 138.686 28
59 0 3.2 0.0630957 82.7617 36
60 0 3.2 0.00316228 17.8811 1
60 0 3.2 0.0040582 223.107 2
60 0 3.2 0.00520795 6.15555 2
60 0 3.2 0.00668344 143.6 3
60 0 3.2 0.00857696 255.581 4
60 0 3.2 0.0110069 64.8042 4
60 0 3.2 0.0141254 64.6387 6
60 0 3.2 0.0181273 94.5405 8
60 0 3.2 0.0232631 61.4123 9
60 0 3.2 0.0298538 82.2796 13
60 0 3.2 0.0383119 113.316 16
60 0 3.2 0.0491662 103.874 20
60 0 3.2 0.0630957 46.1507 26
62 0 3.2 0.00316228 84.895 2
62 0 3.2 0.0040582 15.1911 2
62 0 3.2 0.00520795 291.509 3
62 0 3.2 0.00668344 134.808 4
62 0 3.2 0.00857696 185.033 5
62 0 3.2 0.0110069 105.237 6
62 0 3.2 0.0141254 192.534 8
62 0 3.2 0.0181273 242.701 10
62 0 3.2 0.0232631 121.087 13
62 0 3.2 0.0298538 172.252 17
62 0 3.2 0.0383119 148.941 22
62 0 3.2 0.0491662 80.4607 28
62 0 3.2 0.0630957 64.1314 36
63 0 3.2 0.00316228 129.828 2
63 0 3.2 0.0040582 68.921 2
63 0 3.2 0.00520795 164.959 3
63 0 3.2 0.00668344 144.472 4
63 0 3.2 0.00857696 172.155 5
63 0 3.2 0.0110069 125.928 6
63 0 3.2 0.0141254 129.589 8
63 0 3.2 0.0181273 213.599 10
63 0 3.2 0.0232631 214.051 13
63 0 3.2 0.0298538 132.124 17
63 0 3.2 0.0383119 128.303 22
63 0 3.2 0.0491662 106.736 28
63 0 3.2 0.0630957 89.6144 36
64 0 3.2 0.00316228 42.7288 2
64 0 3.2 0.0040582 28.5861 2
64 0 3.2 0.00520795 111.913 3
64 0 3.2 0.00668344 399.217 4
64 0 3.2 0.00857696 41.2404 5
64 0 3.2 0.0110069 141.832 6
64 0 3.2 0.0141254 165.497 8
64 0 3.2 0.0181273 193.89 10
64 0 3.2 0.0232631 151.801 13
64 0 3.2 0.0298538 163.038 17
64 0 3.2 0.0383119 130.435 22
64 0 3.2 0.0491662 123.38 28
64 0 3.2 0.0630957 54.6435 36
66 0 3.2 0.00316228 117.767 2
66 0 3.2 0.0040582 13.14 2
66 0 3.2 0.00520795 53.5214 3
66 0 3.2 0.00668344 60.1535 4
66 0 3.2 0.00857696 165.467 5
66 0 3.2 0.0110069 39.7501 6
66 0 3.2 0.0141254 174.113 8
66 0 3.2 0.0181273 197.057 10
66 0 3.2 0.0232631 207.392 13
66 0 3.2 0.0298538 144.203 17
66 0 3.2 0.0383119 137.93 22
66 0 3.2 0.0491662 107.185 28
66 0 3.2 0.0630957 61.8982 36
67 0 3.2 0.00316228 48.6597 2
67 0 3.2 0.0040582 90.0657 2
67 0 3.2 0.00520795 160.065 3
67 0 3.2 0.00668344 34.9048 4
67 0 3.2 0.00857696 117.353 5
67 0 3.2 0.0110069 112.087 6
67 0 3.2 0.0141254 166.987 8
67 0 3.2 0.0181273 131.166 10
67 0 3.2 0.0232631 219.529 13
67 0 3.2 0.0298538 207.632 17
67 0 3.2 0.0383119 137.664 22
67 0 3.2 0.0491662 119.545 28
67 0 3.2 0.0630957 80.0375 36
68 0 3.2 0.00316228 37.6183 2
68 0 3.2 0.0040582 133.634 2
68 0 3.2 0.00520795 128.863 3
68 0 3.2 0.00668344 296.818 4
68 0 3.2 0.00857696 190.483 5
68 0 3.2 0.0110069 173.463 6
68 0 3.2 0.0141254 351.266 8
68 0 3.2 0.0181273 262.372 10
68 0 3.2 0.0232631 233.379 13
68 0 3.2 0.0298538 108.963 17
68 0 3.2 0.0383119 100.393 22
68 0 3.2 0.0491662 96.7573 28
68 0 3.2 0.0630957 87.596 36
69 0 3.2 0.00316228 75.9281 2
69 0 3.2 0.0040582 96.5488 2
69 0 3.2 0.00520795 63.3395 3
69 0 3.2 0.00668344 82.24 3
69 0 3.2 0.00857696 201.361 5
69 0 3.2 0.0110069 231.06 6
69 0 3.2 0.0141254 143.748 8
69 0 3.2 0.0181273 259.589 10
69 0 3.2 0.0232631 94.2989 13
69 0 3.2 0.0298538 66.008 17
69 0 3.2 0.0383119 100.332 22
69 0 3.2 0.0491662 99.7461 27
69 0 3.2 0.0630957 72.4378 36
70 0 3.2 0.00316228 60.3458 2
70 0 3.2 0.0040582 81.7594 2
70 0 3.2 0.00520795 92.0213 3
70 0 3.2 0.00668344 43.5192 3
70 0 3.2 0.00857696 156.481 5
70 0 3.2 0.0110069 105.134 6
70 0 3.2 0.0141254 231.146 7
70 0 3.2 0.0181273 110.17 10
70 0 3.2 0.0232631 192.821 12
70 0 3.2 0.0298538 168.548 15
70 0 3.2 0.0383119 120.341 21
70 0 3.2 0.0491662 132.628 25
70 0 3.2 0.0630957 81.8968 34
71 0 3.2 0.00316228 16.4682 1
71 0 3.2 0.0040582 63.3221 2
71 0 3.2 0.00520795 60.5651 2
71 0 3.2 0.00668344 88.8978 3
71 0 3.2 0.00857696 64.7325 3
71 0 3.2 0.0110069 135.777 5
71 0 3.2 0.0141254 131.495 5
71 0 3.2 0.0181273 133.939 8
71 0 3.2 0.0232631 80.3105 9
71 0 3.2 0.0298538 55.571 12
71 0 3.2 0.0383119 244.738 16
71 0 3.2 0.0491662 105.882 19
71 0 3.2 0.0630957 65.2776 26
73 0 3.2 0.00316228 0 0
73 0 3.2 0.0040582 63.7273 1
73 0 3.2 0.00520795 70.5937 1
73 0 3.2 0.00668344 20.2513 1
73 0 3.2 0.00857696 69.9617 2
73 0 3.2 0.0110069 86.6275 2
73 0 3.2 0.0141254 82.1172 3
73 0 3.2 0.0181273 73.675 3
73 0 3.2 0.0232631 80.8483 5
73 0 3.2 0.0298538 58.2074 6
73 0 3.2 0.0383119 36.6504 7
73 0 3.2 0.0491662 23.7236 9
73 0 3.2 0.0630957 12.5552 13
76 0 3.2 0.00316228 0 0
76 0 3.2 0.0040582 0 0
76 0 3.2 0.00520795 3.22446 1
76 0 3.2 0.00668344 15.2244 1
76 0 3.2 0.00857696 23.2132 1
76 0 3.2 0.0110069 29.3562 1
76 0 3.2 0.0141254 12.326 1
76 0 3.2 0.0181273 11.0942 2
76 0 3.2 0.0232631 30.0071 3
76 0 3.2 0.0298538 8.62147 3
76 0 3.2 0.0383119 6.0709 4
76 0 3.2 0.0491662 17.0706 5
76 0 3.2 0.0630957 9.38627 7
54 1 3.4 0.00316228 0 0
54 1 3.4 0.0040582 37.239 1
54 1 3.4 0.00520795 0 0
54 1 3.4 0.00668344 0 0
54 1 3.4 0.00857696 5.98628 1
54 1 3.4 0.0110069 0 0
54 1 3.4 0.0141254 46.3571 1
54 1 3.4 0.0181273 30.2292 1
54 1 3.4 0.0232631 18.3345 1
54 1 3.4 0.0298538 27.5659 2
54 1 3.4 0.0383119 42.9262 2
54 1 3.4 0.0491662 3.92433 3
54 1 3.4 0.0630957 19.3549 3
55 1 3.4 0.00316228 0 0
55 1 3.4 0.0040582 145.783 1
55 1 3.4 0.00520795 0 0
55 1 3.4 0.00668344 0 0
55 1 3.4 0.00857696 93.3597 1
55 1 3.4 0.0110069 0 0
55 1 3.4 0.0141254 3.07258 1
55 1 3.4 0.0181273 1.15667 1
55 1 3.4 0.0232631 30.5089 1
55 1 3.4 0.0298538 6.66797 2
55 1 3.4 0.0383119 13.7318 2
55 1 3.4 0.0491662 6.0725 3
55 1 3.4 0.0630957 21.4841 3
57 0 3.4 0.00316228 0 0
57 0 3.4 0.0040582 13.4689 1
57 0 3.4 0.00520795 1.07054 1
57 0 3.4 0.00668344 0.431538 1
57 0 3.4 0.00857696 0.480846 1
57 0 3.4 0.0110069 0.388547 1
57 0 3.4 0.0141254 0.104047 2
57 0 3.4 0.0181273 0.423555 3
57 0 3.4 0.0232631 0.461427 3
57 0 3.4 0.0298538 1.93234 4
57 0 3.4 0.0383119 0.960685 6
57 0 3.4 0.0491662 0.311043 6
57 0 3.4 0.0630957 0.710248 9
57 1 3.4 0.00316228 9.71883 1
57 1 3.4 0.0040582 251.129 1
57 1 3.4 0.00520795 26.0536 2
57 1 3.4 0.00668344 152.126 2
57 1 3.4 0.00857696 82.9566 2
57 1 3.4 0.0110069 152.241 4
57 1 3.4 0.0141254 142.91 4
57 1 3.4 0.0181273 166.469 6
57 1 3.4 0.0232631 80.7078 7
57 1 3.4 0.0298538 77.411 9
57 1 3.4 0.0383119 80.155 12
57 1 3.4 0.0491662 24.6687 15
57 1 3.4 0.0630957 25.6466 19
57 2 3.4 0.00316228 0 0
57 2 3.4 0.0040582 -23.5421 1
57 2 3.4 0.00520795 5.56386 1
57 2 3.4 0.00668344 -2.00095 1
57 2 3.4 0.00857696 -0.528831 1
57 2 3.4 0.0110069 0.741586 1
57 2 3.4 0.0141254 -1.42838 2
57 2 3.4 0.0181273 0.74187 3
57 2 3.4 0.0232631 1.79092 3
57 2 3.4 0.0298538 -1.07313 4
57 2 3.4 0.0383119 1.44129 6
57 2 3.4 0.0491662 0.469823 6
57 2 3.4 0.0630957 0.330763 9
58 0 3.4 0.00316228 1.9414 1
58 0 3.4 0.0040582 0.651157 1
58 0 3.4 0.00520795 291.781 1
58 0 3.4 0.00668344 35.5005 1
58 0 3.4 0.00857696 18.4261 1
58 0 3.4 0.0110069 53.0041 2
58 0 3.4 0.0141254 78.8298 2
58 0 3.4 0.0181273 106.617 4
58 0 3.4 0.0232631 57.4743 4
58 0 3.4 0.0298538 67.0655 5
58 0 3.4 0.0383119 37.0012 6
58 0 3.4 0.0491662 40.0905 9
58 0 3.4 0.0630957 27.0825 10
58 1 3.4 0.00316228 24.4762 1
58 1 3.4 0.0040582 8.82197 1
58 1 3.4 0.00520795 82.5337 1
58 1 3.4 0.00668344 97.8522 2
58 1 3.4 0.00857696 87.4313 3
58 1 3.4 0.0110069 80.9018 3
58 1 3.4 0.0141254 92.6133 4
58 1 3.4 0.0181273 188.932 6
58 1 3.4 0.0232631 104.585 6
58 1 3.4 0.0298538 101.994 9
58 1 3.4 0.0383119 77.7434 11
58 1 3.4 0.0491662 57.406 15
58 1 3.4 0.0630957 73.8343 18
58 2 3.4 0.00316228 -2.24928 1
58 2 3.4 0.0040582 -4.45527 1
58 2 3.4 0.00520795 94.6777 1
58 2 3.4 0.00668344 12.4853 1
58 2 3.4 0.00857696 28.5911 1
58 2 3.4 0.0110069 53.9787 2
58 2 3.4 0.0141254 -34.8991 2
58 2 3.4 0.0181273 37.1676 4
58 2 3.4 0.0232631 -8.75012 3
58 2 3.4 0.0298538 48.0673 6
58 2 3.4 0.0383119 13.529 6
58 2 3.4 0.0491662 26.0389 9
58 2 3.4 0.0630957 -8.04063 10
59 0 3.4 0.00316228 51.7657 1
59 0 3.4 0.0040582 29.9869 1
59 0 3.4 0.00520795 76.8887 2
59 0 3.4 0.00668344 199.48 2
59 0 3.4 0.00857696 131.236 3
59 0 3.4 0.0110069 279.307 3
59 0 3.4 0.0141254 83.4689 4
59 0 3.4 0.0181273 173.06 6
59 0 3.4 0.0232631 80.935 7
59 0 3.4 0.0298538 127.733 10
59 0 3.4 0.0383119 81.1304 12
59 0 3.4 0.0491662 76.3712 15
59 0 3.4 0.0630957 49.2607 20
59 1 3.4 0.00316228 29.9182 1
59 1 3.4 0.0040582 121.393 1
59 1 3.4 0.00520795 76.2276 1
59 1 3.4 0.00668344 5.83614 2
59 1 3.4 0.00857696 163.211 2
59 1 3.4 0.0110069 90.8617 3
59 1 3.4 0.0141254 81.2073 4
59 1 3.4 0.0181273 36.6542 4
59 1 3.4 0.0232631 78.4113 6
59 1 3.4 0.0298538 61.2589 8
59 1 3.4 0.0383119 94.0247 10
59 1 3.4 0.0491662 36.6333 12
59 1 3.4 0.0630957 22.4045 16
59 2 3.4 0.00316228 -32.6582 1
59 2 3.4 0.0040582 92.7455 1
59 2 3.4 0.00520795 26.2559 1
59 2 3.4 0.00668344 -12.0681 2
59 2 3.4 0.00857696 138.569 2
59 2 3.4 0.0110069 92.5174 3
59 2 3.4 0.0141254 11.8521 4
59 2 3.4 0.0181273 12.9856 4
59 2 3.4 0.0232631 -21.1413 6
59 2 3.4 0.0298538 12.265 8
59 2 3.4 0.0383119 38.7211 9
59 2 3.4 0.0491662 13.5384 13
59 2 3.4 0.0630957 -1.29215 16
60 0 3.4 0.00316228 69.8785 1
60 0 3.4 0.0040582 31.4067 2
60 0 3.4 0.00520795 79.1739 2
60 0 3.4 0.00668344 146.608 2
60 0 3.4 0.00857696 356.487 3
60 0 3.4 0.0110069 278.617 4
60 0 3.4 0.0141254 139.691 5
60 0 3.4 0.0181273 134.509 6
60 0 3.4 0.0232631 105.962 8
60 0 3.4 0.0298538 81.5984 11
60 0 3.4 0.0383119 54.8706 13
60 0 3.4 0.0491662 81.8789 17
60 0 3.4 0.0630957 47.3511 22
60 1 3.4 0.00316228 89.4213 2
60 1 3.4 0.0040582 12.4062 1
60 1 3.4 0.00520795 49.0366 3
60 1 3.4 0.00668344 150.436 3
60 1 3.4 0.00857696 256.364 3
60 1 3.4 0.0110069 142.006 5
60 1 3.4 0.0141254 180.324 6
60 1 3.4 0.0181273 139.13 8
60 1 3.4 0.0232631 209.699 10
60 1 3.4 0.0298538 165.987 13
60 1 3.4 0.0383119 170.749 16
60 1 3.4 0.0491662 77.4034 21
60 1 3.4 0.0630957 65.5271 28
60 2 3.4 0.00316228 8.23822 1
60 2 3.4 0.0040582 -18.9173 1
60 2 3.4 0.00520795 62.8528 2
60 2 3.4 0.00668344 34.1895 1
60 2 3.4 0.00857696 314.449 3
60 2 3.4 0.0110069 117.147 3
60 2 3.4 0.0141254 60.759 3
60 2 3.4 0.0181273 70.803 5
60 2 3.4 0.0232631 72.999 6
60 2 3.4 0.0298538 46.9919 8
60 2 3.4 0.0383119 42.2034 10
60 2 3.4 0.0491662 24.0377 13
60 2 3.4 0.0630957 16.9205 17
62 0 3.4 0.00316228 12.3725 1
62 0 3.4 0.0040582 52.6717 2
62 0 3.4 0.00520795 239.423 3
62 0 3.4 0.00668344 60.5323 4
62 0 3.4 0.00857696 176.339 5
62 0 3.4 0.0110069 169.701 6
62 0 3.4 0.0141254 242.486 7
62 0 3.4 0.0181273 257.799 10
62 0 3.4 0.0232631 163.981 13
62 0 3.4 0.0298538 127.784 16
62 0 3.4 0.0383119 187.282 21
62 0 3.4 0.0491662 129.813 26
62 0 3.4 0.0630957 90.5339 35
62 1 3.4 0.00316228 31.6106 1
62 1 3.4 0.0040582 37.0671 1
62 1 3.4 0.00520795 0 0
62 1 3.4 0.00668344 9.69957 1
62 1 3.4 0.00857696 19.4266 2
62 1 3.4 0.0110069 23.4104 2
62 1 3.4 0.0141254 23.1871 2
62 1 3.4 0.0181273 47.7402 3
62 1 3.4 0.0232631 53.5642 4
62 1 3.4 0.0298538 54.6092 5
62 1 3.4 0.0383119 23.0632 6
62 1 3.4 0.0491662 47.9477 8
62 1 3.4 0.0630957 22.8803 10
62 2 3.4 0.00316228 25.0151 1
62 2 3.4 0.0040582 36.9067 1
62 2 3.4 0.00520795 0 0
62 2 3.4 0.00668344 0.874027 1
62 2 3.4 0.00857696 15.1615 2
62 2 3.4 0.0110069 -14.8228 2
62 2 3.4 0.0141254 1.53327 2
62 2 3.4 0.0181273 19.4823 3
62 2 3.4 0.0232631 -3.48528 4
62 2 3.4 0.0298538 4.71898 5
62 2 3.4 0.0383119 12.6748 6
62 2 3.4 0.0491662 25.2401 8
62 2 3.4 0.0630957 11.0691 10
63 0 3.4 0.00316228 23.2888 1
63 0 3.4 0.0040582 32.8745 2
63 0 3.4 0.00520795 179.097 3
63 0 3.4 0.00668344 137.467 4
63 0 3.4 0.00857696 160.221 5
63 0 3.4 0.0110069 349.634 6
63 0 3.4 0.0141254 242.509 7
63 0 3.4 0.0181273 257.408 10
63 0 3.4 0.0232631 252.396 13
63 0 3.4 0.0298538 164.248 16
63 0 3.4 0.0383119 252.305 21
63 0 3.4 0.0491662 185.099 26
63 0 3.4 0.0630957 92.1429 35
64 0 3.4 0.00316228 77.1125 1
64 0 3.4 0.0040582 31.0827 2
64 0 3.4 0.00520795 106.305 3
64 0 3.4 0.00668344 194.616 4
64 0 3.4 0.00857696 111.828 5
64 0 3.4 0.0110069 35.7692 6
64 0 3.4 0.0141254 149.851 7
64 0 3.4 0.0181273 115.16 10
64 0 3.4 0.0232631 203.764 13
64 0 3.4 0.0298538 127.434 16
64 0 3.4 0.0383119 102.016 21
64 0 3.4 0.0491662 115.142 26
64 0 3.4 0.0630957 55.1474 35
64 1 3.4 0.00316228 0 0
64 1 3.4 0.0040582 161.453 1
64 1 3.4 0.00520795 0 0
64 1 3.4 0.00668344 161.378 1
64 1 3.4 0.00857696 4.18786 1
64 1 3.4 0.0110069 68.518 2
64 1 3.4 0.0141254 4.18451 1
64 1 3.4 0.0181273 31.7291 2
64 1 3.4 0.0232631 10.8523 3
64 1 3.4 0.0298538 27.1583 4
64 1 3.4 0.0383119 53.3006 4
64 1 3.4 0.0491662 15.2767 6
64 1 3.4 0.0630957 15.7566 8
64 2 3.4 0.00316228 0 0
64 2 3.4 0.0040582 144.513 1
64 2 3.4 0.00520795 0 0
64 2 3.4 0.00668344 61.9027 1
64 2 3.4 0.00857696 11.2281 1
64 2 3.4 0.0110069 6.27769 2
64 2 3.4 0.0141254 1.00863 1
64 2 3.4 0.0181273 7.04132 2
64 2 3.4 0.0232631 -3.54198 3
64 2 3.4 0.0298538 -1.12224 4
64 2 3.4 0.0383119 32.3899 4
64 2 3.4 0.0491662 5.31657 6
64 2 3.4 0.0630957 2.93803 8
66 0 3.4 0.00316228 53.5853 1
66 0 3.4 0.0040582 75.097 2
66 0 3.4 0.00520795 166.803 3
66 0 3.4 0.00668344 207.517 4
66 0 3.4 0.00857696 295.419 5
66 0 3.4 0.0110069 191.293 6
66 0 3.4 0.0141254 277.95 7
66 0 3.4 0.0181273 273.832 10
66 0 3.4 0.0232631 293.827 13
66 0 3.4 0.0298538 302.698 16
66 0 3.4 0.0383119 136.1 21
66 0 3.4 0.0491662 87.9744 26
66 0 3.4 0.0630957 62.0944 35
67 0 3.4 0.00316228 27.4504 1
67 0 3.4 0.0040582 52.8658 2
67 0 3.4 0.00520795 65.9197 3
67 0 3.4 0.00668344 239.342 4
67 0 3.4 0.00857696 95.4796 5
67 0 3.4 0.0110069 225.89 6
67 0 3.4 0.0141254 145.945 7
67 0 3.4 0.0181273 231.821 10
67 0 3.4 0.0232631 252.339 13
67 0 3.4 0.0298538 321.784 16
67 0 3.4 0.0383119 165.142 21
67 0 3.4 0.0491662 211.803 26
67 0 3.4 0.0630957 130.753 35
68 0 3.4 0.00316228 145.655 1
68 0 3.4 0.0040582 69.1156 2
68 0 3.4 0.00520795 72.9898 3
68 0 3.4 0.00668344 297.021 4
68 0 3.4 0.00857696 268.771 5
68 0 3.4 0.0110069 254.074 6
68 0 3.4 0.0141254 134.884 7
68 0 3.4 0.0181273 187.708 10
68 0 3.4 0.0232631 250.049 13
68 0 3.4 0.0298538 234.682 16
68 0 3.4 0.0383119 158.371 21
68 0 3.4 0.0491662 108.793 26
68 0 3.4 0.0630957 109.473 35
69 0 3.4 0.00316228 0.483293 1
69 0 3.4 0.0040582 175.609 2
69 0 3.4 0.00520795 288.861 3
69 0 3.4 0.00668344 200.662 4
69 0 3.4 0.00857696 209.587 5
69 0 3.4 0.0110069 139.145 6
69 0 3.4 0.0141254 215.206 7
69 0 3.4 0.0181273 371.204 10
69 0 3.4 0.0232631 332.121 13
69 0 3.4 0.0298538 162.484 16
69 0 3.4 0.0383119 172.706 21
69 0 3.4 0.0491662 98.207 26
69 0 3.4 0.0630957 102.595 35
70 0 3.4 0.00316228 67.675 1
70 0 3.4 0.0040582 45.4033 2
70 0 3.4 0.00520795 155.204 3
70 0 3.4 0.00668344 155.914 4
70 0 3.4 0.00857696 260.876 5
70 0 3.4 0.0110069 339.05 6
70 0 3.4 0.0141254 120.429 7
70 0 3.4 0.0181273 145.027 10
70 0 3.4 0.0232631 122.734 13
70 0 3.4 0.0298538 210.482 16
70 0 3.4 0.0383119 233.368 21
70 0 3.4 0.0491662 87.2277 26
70 0 3.4 0.0630957 100.502 35
71 0 3.4 0.00316228 38.0218 1
71 0 3.4 0.0040582 170.339 2
71 0 3.4 0.00520795 123.406 3
71 0 3.4 0.00668344 63.767 4
71 0 3.4 0.00857696 108.517 5
71 0 3.4 0.0110069 507.469 6
71 0 3.4 0.0141254 195.274 7
71 0 3.4 0.0181273 330.643 10
71 0 3.4 0.0232631 482.892 13
71 0 3.4 0.0298538 172.747 16
71 0 3.4 0.0383119 258.881 21
71 0 3.4 0.0491662 126.666 26
71 0 3.4 0.0630957 115.42 35
73 0 3.4 0.00316228 264.575 1
73 0 3.4 0.0040582 60.2783 2
73 0 3.4 0.00520795 163.728 3
73 0 3.4 0.00668344 190.734 4
73 0 3.4 0.00857696 111.536 5
73 0 3.4 0.0110069 86.6306 6
73 0 3.4 0.0141254 122.032 7
73 0 3.4 0.0181273 178.086 10
73 0 3.4 0.0232631 189.036 13
73 0 3.4 0.0298538 156.601 16
73 0 3.4 0.0383119 131.828 21
73 0 3.4 0.0491662 139.531 26
73 0 3.4 0.0630957 89.262 35
76 0 3.4 0.00316228 42.8369 1
76 0 3.4 0.0040582 18.3468 2
76 0 3.4 0.00520795 50.1836 3
76 0 3.4 0.00668344 40.2926 4
76 0 3.4 0.00857696 25.0448 5
76 0 3.4 0.0110069 60.9969 6
76 0 3.4 0.0141254 20.7752 7
76 0 3.4 0.0181273 28.8228 10
76 0 3.4 0.0232631 59.386 13
76 0 3.4 0.0298538 63.5109 16
76 0 3.4 0.0383119 57.8879 21
76 0 3.4 0.0491662 42.5019 26
76 0 3.4 0.0630957 14.1901 35
81 0 3.4 0.00316228 38.2681 2
81 0 3.4 0.0040582 17.1105 1
81 0 3.4 0.00520795 70.4042 2
81 0 3.4 0.00668344 172.034 3
81 0 3.4 0.00857696 66.5879 4
81 0 3.4 0.0110069 146.122 5
81 0 3.4 0.0141254 147.418 6
81 0 3.4 0.0181273 225.522 7
81 0 3.4 0.0232631 147.537 10
81 0 3.4 0.0298538 135.942 13
81 0 3.4 0.0383119 219.777 16
81 0 3.4 0.0491662 111.244 21
81 0 3.4 0.0630957 99.3865 26
85 0 3.4 0.00316228 68.8742 1
85 0 3.4 0.0040582 0 0
85 0 3.4 0.00520795 6.59291 1
85 0 3.4 0.00668344 28.9785 1
85 0 3.4 0.00857696 8.36584 1
85 0 3.4 0.0110069 30.5036 2
85 0 3.4 0.0141254 62.1054 2
85 0 3.4 0.0181273 51.5298 2
85 0 3.4 0.0232631 26.7188 4
85 0 3.4 0.0298538 17.027 4
85 0 3.4 0.0383119 31.4099 5
85 0 3.4 0.0491662 32.7656 8
85 0 3.4 0.0630957 20.0047 9
86 0 3.4 0.00316228 0 0
86 0 3.4 0.0040582 0.199708 1
86 0 3.4 0.00520795 0 0
86 0 3.4 0.00668344 0.00951363 1
86 0 3.4 0.00857696 51.8994 1
86 0 3.4 0.0110069 9.5997 1
86 0 3.4 0.0141254 42.6193 2
86 0 3.4 0.0181273 94.8665 2
86 0 3.4 0.0232631 40.5352 3
86 0 3.4 0.0298538 92.228 3
86 0 3.4 0.0383119 80.7225 5
86 0 3.4 0.0491662 36.3896 5
86 0 3.4 0.0630957 36.6243 8
62 0 3.6 0.00316228 0 0
62 0 3.6 0.0040582 0 0
62 0 3.6 0.00520795 61.9888 1
62 0 3.6 0.00668344 123.994 1
62 0 3.6 0.00857696 0 0
62 0 3.6 0.0110069 87.9364 1
62 0 3.6 0.0141254 4.20856 2
62 0 3.6 0.0181273 9.40859 2
62 0 3.6 0.0232631 74.0387 2
62 0 3.6 0.0298538 46.2022 3
62 0 3.6 0.0383119 85.0872 4
62 0 3.6 0.0491662 34.1377 5
62 0 3.6 0.0630957 22.6251 6
62 1 3.6 0.00316228 4.3827 1
62 1 3.6 0.0040582 10.7157 1
62 1 3.6 0.00520795 43.7515 2
62 1 3.6 0.00668344 180.087 2
62 1 3.6 0.00857696 159.55 2
62 1 3.6 0.0110069 35.8378 3
62 1 3.6 0.0141254 168.666 4
62 1 3.6 0.0181273 95.4961 4
62 1 3.6 0.0232631 149.039 7
62 1 3.6 0.0298538 70.0084 8
62 1 3.6 0.0383119 42.3701 10
62 1 3.6 0.0491662 68.2031 13
62 1 3.6 0.0630957 37.3628 17
62 2 3.6 0.00316228 0 0
62 2 3.6 0.0040582 0 0
62 2 3.6 0.00520795 34.9459 1
62 2 3.6 0.00668344 0 0
62 2 3.6 0.00857696 50.1919 1
62 2 3.6 0.0110069 73.9654 1
62 2 3.6 0.0141254 2.70926 2
62 2 3.6 0.0181273 7.5899 2
62 2 3.6 0.0232631 36.1218 2
62 2 3.6 0.0298538 26.9911 3
62 2 3.6 0.0383119 20.5688 4
62 2 3.6 0.0491662 -0.761089 5
62 2 3.6 0.0630957 16.7546 6
63 0 3.6 0.00316228 0 0
63 0 3.6 0.0040582 199.51 1
63 0 3.6 0.00520795 0 0
63 0 3.6 0.00668344 22.0033 1
63 0 3.6 0.00857696 5.12363 1
63 0 3.6 0.0110069 127.982 2
63 0 3.6 0.0141254 22.4045 1
63 0 3.6 0.0181273 66.8739 3
63 0 3.6 0.0232631 46.9902 3
63 0 3.6 0.0298538 44.2444 3
63 0 3.6 0.0383119 57.3394 5
63 0 3.6 0.0491662 27.5281 6
63 0 3.6 0.0630957 25.5375 8
64 0 3.6 0.00316228 4.84885 1
64 0 3.6 0.0040582 0 0
64 0 3.6 0.00520795 48.828 1
64 0 3.6 0.00668344 57.8027 1
64 0 3.6 0.00857696 32.4904 1
64 0 3.6 0.0110069 36.5557 2
64 0 3.6 0.0141254 57.155 2
64 0 3.6 0.0181273 21.9128 2
64 0 3.6 0.0232631 23.0029 4
64 0 3.6 0.0298538 7.19148 4
64 0 3.6 0.0383119 6.24169 5
64 0 3.6 0.0491662 7.13271 7
64 0 3.6 0.0630957 16.6214 9
64 1 3.6 0.00316228 47.0663 1
64 1 3.6 0.0040582 33.1692 1
64 1 3.6 0.00520795 125.605 2
64 1 3.6 0.00668344 125.755 2
64 1 3.6 0.00857696 136.453 3
64 1 3.6 0.0110069 58.4754 3
64 1 3.6 0.0141254 220.907 4
64 1 3.6 0.0181273 92.1685 6
64 1 3.6 0.0232631 144.434 7
64 1 3.6 0.0298538 84.6584 9
64 1 3.6 0.0383119 47.3619 12
64 1 3.6 0.0491662 36.6306 16
64 1 3.6 0.0630957 36.3644 19
64 2 3.6 0.00316228 10.1805 1
64 2 3.6 0.0040582 0 0
64 2 3.6 0.00520795 67.7239 1
64 2 3.6 0.00668344 23.3025 1
64 2 3.6 0.00857696 12.5077 1
64 2 3.6 0.0110069 28.0182 2
64 2 3.6 0.0141254 36.7609 2
64 2 3.6 0.0181273 11.8035 2
64 2 3.6 0.0232631 27.0977 4
64 2 3.6 0.0298538 8.54347 4
64 2 3.6 0.0383119 2.14324 5
64 2 3.6 0.0491662 1.7787 7
64 2 3.6 0.0630957 12.4208 9
66 0 3.6 0.00316228 73.3293 1
66 0 3.6 0.0040582 0 0
66 0 3.6 0.00520795 31.5715 2
66 0 3.6 0.00668344 90.0872 1
66 0 3.6 0.00857696 47.799 2
66 0 3.6 0.0110069 39.4675 2
66 0 3.6 0.0141254 143.437 3
66 0 3.6 0.0181273 106.627 4
66 0 3.6 0.0232631 131.872 5
66 0 3.6 0.0298538 87.5219 6
66 0 3.6 0.0383119 80.8892 9
66 0 3.6 0.0491662 49.9054 10
66 0 3.6 0.0630957 74.011 14
66 1 3.6 0.00316228 97.3713 1
66 1 3.6 0.0040582 182.15 2
66 1 3.6 0.00520795 233.852 2
66 1 3.6 0.00668344 93.5402 2
66 1 3.6 0.00857696 171.845 3
66 1 3.6 0.0110069 106.194 5
66 1 3.6 0.0141254 197.865 5
66 1 3.6 0.0181273 129.813 7
66 1 3.6 0.0232631 119.754 9
66 1 3.6 0.0298538 128.707 11
66 1 3.6 0.0383119 86.3675 15
66 1 3.6 0.0491662 67.2792 19
66 1 3.6 0.0630957 76.1874 24
66 2 3.6 0.00316228 77.666 1
66 2 3.6 0.0040582 0 0
66 2 3.6 0.00520795 -86.1612 2
66 2 3.6 0.00668344 33.9293 1
66 2 3.6 0.00857696 42.7685 2
66 2 3.6 0.0110069 20.6515 2
66 2 3.6 0.0141254 77.1819 3
66 2 3.6 0.0181273 84.1328 4
66 2 3.6 0.0232631 35.4039 5
66 2 3.6 0.0298538 44.4367 6
66 2 3.6 0.0383119 -7.70904 9
66 2 3.6 0.0491662 3.55849 10
66 2 3.6 0.0630957 11.7665 14
67 0 3.6 0.00316228 145.527 1
67 0 3.6 0.0040582 61.1595 1
67 0 3.6 0.00520795 143.652 1
67 0 3.6 0.00668344 47.02 1
67 0 3.6 0.00857696 79.8165 2
67 0 3.6 0.0110069 91.6804 3
67 0 3.6 0.0141254 102.314 3
67 0 3.6 0.0181273 116.238 4
67 0 3.6 0.0232631 73.9764 5
67 0 3.6 0.0298538 83.2217 6
67 0 3.6 0.0383119 71.5714 9
67 0 3.6 0.0491662 80.2216 11
67 0 3.6 0.0630957 65.1183 14
67 1 3.6 0.00316228 53.0541 1
67 1 3.6 0.0040582 125.119 2
67 1 3.6 0.00520795 233.828 2
67 1 3.6 0.00668344 68.0239 2
67 1 3.6 0.00857696 100.907 4
67 1 3.6 0.0110069 267.51 4
67 1 3.6 0.0141254 157.835 5
67 1 3.6 0.0181273 94.2339 7
67 1 3.6 0.0232631 323.687 10
67 1 3.6 0.0298538 154.623 11
67 1 3.6 0.0383119 129.545 15
67 1 3.6 0.0491662 117.738 19
67 1 3.6 0.0630957 62.7828 25
67 2 3.6 0.00316228 6.33513 1
67 2 3.6 0.0040582 19.3103 1
67 2 3.6 0.00520795 108.491 1
67 2 3.6 0.00668344 32.6968 1
67 2 3.6 0.00857696 -7.37886 2
67 2 3.6 0.0110069 89.2967 3
67 2 3.6 0.0141254 80.2686 3
67 2 3.6 0.0181273 36.9052 4
67 2 3.6 0.0232631 72.0771 5
67 2 3.6 0.0298538 47.2213 6
67 2 3.6 0.0383119 20.2068 9
67 2 3.6 0.0491662 46.1443 11
67 2 3.6 0.0630957 7.80468 14
68 0 3.6 0.00316228 70.1776 1
68 0 3.6 0.0040582 50.0644 1
68 0 3.6 0.00520795 53.7298 1
68 0 3.6 0.00668344 118.272 2
68 0 3.6 0.00857696 31.3176 2
68 0 3.6 0.0110069 74.4936 3
68 0 3.6 0.0141254 55.4236 3
68 0 3.6 0.0181273 226.04 5
68 0 3.6 0.0232631 139.522 5
68 0 3.6 0.0298538 120.055 8
68 0 3.6 0.0383119 155.888 9
68 0 3.6 0.0491662 79.7101 12
68 0 3.6 0.0630957 87.3323 16
68 1 3.6 0.00316228 29.8349 1
68 1 3.6 0.0040582 66.6633 2
68 1 3.6 0.00520795 9.9765 2
68 1 3.6 0.00668344 172.436 3
68 1 3.6 0.00857696 435.531 4
68 1 3.6 0.0110069 85.4808 4
68 1 3.6 0.0141254 134.488 6
68 1 3.6 0.0181273 154.833 8
68 1 3.6 0.0232631 111.621 9
68 1 3.6 0.0298538 157.927 13
68 1 3.6 0.0383119 103.669 15
68 1 3.6 0.0491662 73.2984 21
68 1 3.6 0.0630957 67.6528 26
68 2 3.6 0.00316228 40.7297 1
68 2 3.6 0.0040582 -6.67391 1
68 2 3.6 0.00520795 -6.34587 1
68 2 3.6 0.00668344 54.5139 2
68 2 3.6 0.00857696 34.6044 2
68 2 3.6 0.0110069 35.1976 3
68 2 3.6 0.0141254 61.5362 3
68 2 3.6 0.0181273 83.0717 5
68 2 3.6 0.0232631 47.6899 5
68 2 3.6 0.0298538 -0.107895 8
68 2 3.6 0.0383119 60.8171 9
68 2 3.6 0.0491662 15.6289 12
68 2 3.6 0.0630957 12.9392 16
69 0 3.6 0.00316228 42.953 1
69 0 3.6 0.0040582 57.3086 2
69 0 3.6 0.00520795 129.003 2
69 0 3.6 0.00668344 230.902 3
69 0 3.6 0.00857696 237.562 3
69 0 3.6 0.0110069 45.7218 4
69 0 3.6 0.0141254 152.05 6
69 0 3.6 0.0181273 120.429 7
69 0 3.6 0.0232631 118.696 9
69 0 3.6 0.0298538 287.148 12
69 0 3.6 0.0383119 181.807 16
69 0 3.6 0.0491662 156.114 19
69 0 3.6 0.0630957 87.5448 25
69 1 3.6 0.00316228 228.363 1
69 1 3.6 0.0040582 161.422 2
69 1 3.6 0.00520795 107.721 2
69 1 3.6 0.00668344 112.507 2
69 1 3.6 0.00857696 180.832 3
69 1 3.6 0.0110069 42.169 5
69 1 3.6 0.0141254 121.942 5
69 1 3.6 0.0181273 211.86 7
69 1 3.6 0.0232631 146.639 9
69 1 3.6 0.0298538 145.045 12
69 1 3.6 0.0383119 95.5801 14
69 1 3.6 0.0491662 98.5811 19
69 1 3.6 0.0630957 48.1681 24
69 2 3.6 0.00316228 46.5147 1
69 2 3.6 0.0040582 -1.84356 1
69 2 3.6 0.00520795 92.9168 2
69 2 3.6 0.00668344 -35.9536 1
69 2 3.6 0.00857696 80.5937 3
69 2 3.6 0.0110069 47.4025 3
69 2 3.6 0.0141254 50.2759 3
69 2 3.6 0.0181273 71.6616 5
69 2 3.6 0.0232631 81.9975 6
69 2 3.6 0.0298538 70.5387 8
69 2 3.6 0.0383119 62.9587 10
69 2 3.6 0.0491662 78.3596 13
69 2 3.6 0.0630957 35.6193 17
70 0 3.6 0.00316228 52.1128 2
70 0 3.6 0.0040582 27.7733 1
70 0 3.6 0.00520795 307.848 3
70 0 3.6 0.00668344 434.797 3
70 0 3.6 0.00857696 100.268 3
70 0 3.6 0.0110069 206.607 5
70 0 3.6 0.0141254 150.727 6
70 0 3.6 0.0181273 329.598 8
70 0 3.6 0.0232631 152.597 10
70 0 3.6 0.0298538 100.531 13
70 0 3.6 0.0383119 156.781 17
70 0 3.6 0.0491662 146.754 21
70 0 3.6 0.0630957 123.137 27
70 1 3.6 0.00316228 0 0
70 1 3.6 0.0040582 0 0
70 1 3.6 0.00520795 46.821 1
70 1 3.6 0.00668344 0 0
70 1 3.6 0.00857696 2.50721 1
70 1 3.6 0.0110069 8.61475 1
70 1 3.6 0.0141254 12.0101 1
70 1 3.6 0.0181273 36.7001 2
70 1 3.6 0.0232631 9.26633 2
70 1 3.6 0.0298538 30.029 3
70 1 3.6 0.0383119 21.9647 3
70 1 3.6 0.0491662 9.57981 5
70 1 3.6 0.0630957 12.2454 6
71 0 3.6 0.00316228 133.104 2
71 0 3.6 0.0040582 225.775 2
71 0 3.6 0.00520795 534.697 3
71 0 3.6 0.00668344 71.7726 3
71 0 3.6 0.00857696 142.853 5
71 0 3.6 0.0110069 118.831 5
71 0 3.6 0.0141254 244.203 8
71 0 3.6 0.0181273 355.721 9
71 0 3.6 0.0232631 221.55 12
71 0 3.6 0.0298538 272.67 16
71 0 3.6 0.0383119 253.784 20
71 0 3.6 0.0491662 166.537 25
71 0 3.6 0.0630957 95.2156 33
71 1 3.6 0.00316228 26.3293 1
71 1 3.6 0.0040582 133.186 1
71 1 3.6 0.00520795 94.6165 1
71 1 3.6 0.00668344 146.178 1
71 1 3.6 0.00857696 66.03 2
71 1 3.6 0.0110069 69.5395 3
71 1 3.6 0.0141254 45.9631 3
71 1 3.6 0.0181273 87.1613 4
71 1 3.6 0.0232631 127.264 6
71 1 3.6 0.0298538 56.6866 6
71 1 3.6 0.0383119 177.162 9
71 1 3.6 0.0491662 73.9869 11
71 1 3.6 0.0630957 35.6129 15
71 2 3.6 0.00316228 54.2348 1
71 2 3.6 0.0040582 88.1287 1
71 2 3.6 0.00520795 78.7279 1
71 2 3.6 0.00668344 49.4815 1
71 2 3.6 0.00857696 39.9287 2
71 2 3.6 0.0110069 36.0072 3
71 2 3.6 0.0141254 6.70735 3
71 2 3.6 0.0181273 57.2895 4
71 2 3.6 0.0232631 68.3042 6
71 2 3.6 0.0298538 60.5126 6
71 2 3.6 0.0383119 106.484 9
71 2 3.6 0.0491662 17.3985 11
71 2 3.6 0.0630957 -1.47576 15
73 0 3.6 0.00316228 145.164 2
73 0 3.6 0.0040582 241.187 2
73 0 3.6 0.00520795 195.377 3
73 0 3.6 0.00668344 137.868 3
73 0 3.6 0.00857696 259.227 5
73 0 3.6 0.0110069 159.024 5
73 0 3.6 0.0141254 241.795 8
73 0 3.6 0.0181273 189.228 9
73 0 3.6 0.0232631 154.83 12
73 0 3.6 0.0298538 289.94 16
73 0 3.6 0.0383119 136.017 20
73 0 3.6 0.0491662 156.757 25
73 0 3.6 0.0630957 114.937 33
76 0 3.6 0.00316228 83.3504 2
76 0 3.6 0.0040582 168.788 2
76 0 3.6 0.00520795 115.338 3
76 0 3.6 0.00668344 147.173 3
76 0 3.6 0.00857696 164.027 5
76 0 3.6 0.0110069 104.123 5
76 0 3.6 0.0141254 379.255 8
76 0 3.6 0.0181273 213.143 9
76 0 3.6 0.0232631 173.069 12
76 0 3.6 0.0298538 196.412 16
76 0 3.6 0.0383119 220.482 20
76 0 3.6 0.0491662 159.554 25
76 0 3.6 0.0630957 101.305 33
81 0 3.6 0.00316228 134.713 2
81 0 3.6 0.0040582 47.5244 2
81 0 3.6 0.00520795 304.639 3
81 0 3.6 0.00668344 354.981 3
81 0 3.6 0.00857696 280.245 5
81 0 3.6 0.0110069 252.292 5
81 0 3.6 0.0141254 147.126 8
81 0 3.6 0.0181273 144.002 9
81 0 3.6 0.0232631 376.668 12
81 0 3.6 0.0298538 208.014 16
81 0 3.6 0.0383119 305.408 20
81 0 3.6 0.0491662 212.891 25
81 0 3.6 0.0630957 154.37 33
85 0 3.6 0.00316228 53.8662 2
85 0 3.6 0.0040582 307.826 2
85 0 3.6 0.00520795 45.2878 3
85 0 3.6 0.00668344 215.888 3
85 0 3.6 0.00857696 423.217 5
85 0 3.6 0.0110069 322.317 5
85 0 3.6 0.0141254 317.716 8
85 0 3.6 0.0181273 126.842 9
85 0 3.6 0.0232631 186.929 12
85 0 3.6 0.0298538 222.066 16
85 0 3.6 0.0383119 188.923 19
85 0 3.6 0.0491662 156.716 26
85 0 3.6 0.0630957 99.8983 33
86 0 3.6 0.00316228 137.237 2
86 0 3.6 0.0040582 231.374 2
86 0 3.6 0.00520795 84.1448 3
86 0 3.6 0.00668344 34.4565 3
86 0 3.6 0.00857696 227.41 5
86 0 3.6 0.0110069 48.1664 5
86 0 3.6 0.0141254 297.698 8
86 0 3.6 0.0181273 163.007 9
86 0 3.6 0.0232631 132.597 12
86 0 3.6 0.0298538 195.735 15
86 0 3.6 0.0383119 178.101 20
86 0 3.6 0.0491662 116.139 26
86 0 3.6 0.0630957 90.3501 32
91 0 3.6 0.00316228 3.52451 1
91 0 3.6 0.0040582 97.3913 2
91 0 3.6 0.00520795 83.1746 2
91 0 3.6 0.00668344 8.31836 2
91 0 3.6 0.00857696 68.2939 3
91 0 3.6 0.0110069 254.186 4
91 0 3.6 0.0141254 70.6748 5
91 0 3.6 0.0181273 105.023 6
91 0 3.6 0.0232631 119.693 8
91 0 3.6 0.0298538 187.752 10
91 0 3.6 0.0383119 99.3492 14
91 0 3.6 0.0491662 86.1893 17
91 0 3.6 0.0630957 113.034 22
92 0 3.6 0.00316228 15.0212 1
92 0 3.6 0.0040582 36.0857 1
92 0 3.6 0.00520795 26.3125 2
92 0 3.6 0.00668344 16.432 2
92 0 3.6 0.00857696 66.9092 3
92 0 3.6 0.0110069 98.6644 3
92 0 3.6 0.0141254 140.157 4
92 0 3.6 0.0181273 60.5162 6
92 0 3.6 0.0232631 148.344 7
92 0 3.6 0.0298538 148.435 9
92 0 3.6 0.0383119 69.9428 12
92 0 3.6 0.0491662 123.381 16
92 0 3.6 0.0630957 71.5261 19
93 0 3.6 0.00316228 72.3552 1
93 0 3.6 0.0040582 25.3722 1
93 0 3.6 0.00520795 42.7835 1
93 0 3.6 0.00668344 4.85417 1
93 0 3.6 0.00857696 62.0489 2
93 0 3.6 0.0110069 71.9944 3
93 0 3.6 0.0141254 170.838 3
93 0 3.6 0.0181273 65.1111 4
93 0 3.6 0.0232631 86.864 6
93 0 3.6 0.0298538 91.2899 7
93 0 3.6 0.0383119 67.1681 9
93 0 3.6 0.0491662 39.8456 11
93 0 3.6 0.0630957 20.326 14
95 0 3.6 0.00316228 53.3782 1
95 0 3.6 0.0040582 0 0
95 0 3.6 0.00520795 52.0189 2
95 0 3.6 0.00668344 18.0389 1
95 0 3.6 0.00857696 60.6479 2
95 0 3.6 0.0110069 39.5476 2
95 0 3.6 0.0141254 278.619 3
95 0 3.6 0.0181273 101.253 4
95 0 3.6 0.0232631 78.8997 5
95 0 3.6 0.0298538 132.654 7
95 0 3.6 0.0383119 69.6508 8
95 0 3.6 0.0491662 90.2953 11
95 0 3.6 0.0630957 80.3903 14
96 0 3.6 0.00316228 0 0
96 0 3.6 0.0040582 0 0
96 0 3.6 0.00520795 1.51328 1
96 0 3.6 0.00668344 0 0
96 0 3.6 0.00857696 52.9903 1
96 0 3.6 0.0110069 56.4945 1
96 0 3.6 0.0141254 98.973 1
96 0 3.6 0.0181273 25.8161 2
96 0 3.6 0.0232631 95.3954 2
96 0 3.6 0.0298538 57.7278 3
96 0 3.6 0.0383119 17.4953 3
96 0 3.6 0.0491662 18.7776 5
96 0 3.6 0.0630957 6.22126 6
97 0 3.6 0.00316228 24.619 1
97 0 3.6 0.0040582 0 0
97 0 3.6 0.00520795 0 0
97 0 3.6 0.00668344 6.70842 1
97 0 3.6 0.00857696 56.5438 1
97 0 3.6 0.0110069 20.0372 1
97 0 3.6 0.0141254 68.1456 1
97 0 3.6 0.0181273 23.0805 1
97 0 3.6 0.0232631 3.84505 2
97 0 3.6 0.0298538 37.4219 3
97 0 3.6 0.0383119 20.6959 3
97 0 3.6 0.0491662 25.2403 4
97 0 3.6 0.0630957 18.9726 5
70 1 3.8 0.00316228 18.7713 1
70 1 3.8 0.0040582 0 0
70 1 3.8 0.00520795 0 0
70 1 3.8 0.00668344 22.5537 1
70 1 3.8 0.00857696 0 0
70 1 3.8 0.0110069 18.4758 1
70 1 3.8 0.0141254 106.876 1
70 1 3.8 0.0181273 85.45 2
70 1 3.8 0.0232631 37.8092 1
70 1 3.8 0.0298538 26.2681 2
70 1 3.8 0.0383119 32.8491 3
70 1 3.8 0.0491662 16.9193 4
70 1 3.8 0.0630957 33.3208 4
71 1 3.8 0.00316228 0 0
71 1 3.8 0.0040582 72.6215 1
71 1 3.8 0.00520795 97.0555 1
71 1 3.8 0.00668344 49.2251 2
71 1 3.8 0.00857696 73.5156 1
71 1 3.8 0.0110069 125.981 3
71 1 3.8 0.0141254 94.1555 3
71 1 3.8 0.0181273 64.0554 3
71 1 3.8 0.0232631 144.422 5
71 1 3.8 0.0298538 60.1176 6
71 1 3.8 0.0383119 66.9727 8
71 1 3.8 0.0491662 49.2304 10
71 1 3.8 0.0630957 83.4315 13
73 0 3.8 0.00316228 188.023 1
73 0 3.8 0.0040582 18.0037 1
73 0 3.8 0.00520795 174.511 1
73 0 3.8 0.00668344 215.723 2
73 0 3.8 0.00857696 32.4628 2
73 0 3.8 0.0110069 183.034 3
73 0 3.8 0.0141254 35.8236 3
73 0 3.8 0.0181273 207.387 5
73 0 3.8 0.0232631 155.764 5
73 0 3.8 0.0298538 209.236 8
73 0 3.8 0.0383119 144.795 9
73 0 3.8 0.0491662 189.766 12
73 0 3.8 0.0630957 60.6732 16
73 1 3.8 0.00316228 112.466 1
73 1 3.8 0.0040582 299.438 2
73 1 3.8 0.00520795 95.739 2
73 1 3.8 0.00668344 250.7 3
73 1 3.8 0.00857696 304.155 4
73 1 3.8 0.0110069 243.806 4
73 1 3.8 0.0141254 268.543 6
73 1 3.8 0.0181273 163.998 7
73 1 3.8 0.0232631 172.852 10
73 1 3.8 0.0298538 181.658 12
73 1 3.8 0.0383119 122.051 16
73 1 3.8 0.0491662 236.756 21
73 1 3.8 0.0630957 96.6694 26
73 2 3.8 0.00316228 276.812 1
73 2 3.8 0.0040582 17.304 1
73 2 3.8 0.00520795 57.1279 1
73 2 3.8 0.00668344 63.298 2
73 2 3.8 0.00857696 -3.75683 2
73 2 3.8 0.0110069 109.047 3
73 2 3.8 0.0141254 37.5744 3
73 2 3.8 0.0181273 36.7027 5
73 2 3.8 0.0232631 93.5385 5
73 2 3.8 0.0298538 90.2624 8
73 2 3.8 0.0383119 12.372 9
73 2 3.8 0.0491662 102.653 12
73 2 3.8 0.0630957 27.7681 16
76 0 3.8 0.00316228 52.0695 1
76 0 3.8 0.0040582 95.6822 2
76 0 3.8 0.00520795 28.1135 1
76 0 3.8 0.00668344 77.9948 3
76 0 3.8 0.00857696 17.6508 2
76 0 3.8 0.0110069 199.167 4
76 0 3.8 0.0141254 302.626 5
76 0 3.8 0.0181273 105.627 6
76 0 3.8 0.0232631 298.735 8
76 0 3.8 0.0298538 217.709 9
76 0 3.8 0.0383119 152.315 13
76 0 3.8 0.0491662 171.411 17
76 0 3.8 0.0630957 93.6233 21
76 1 3.8 0.00316228 115.809 2
76 1 3.8 0.0040582 28.9457 1
76 1 3.8 0.00520795 109.818 3
76 1 3.8 0.00668344 36.8129 2
76 1 3.8 0.00857696 110.579 4
76 1 3.8 0.0110069 93.966 5
76 1 3.8 0.0141254 107.85 6
76 1 3.8 0.0181273 218.711 8
76 1 3.8 0.0232631 237.639 10
76 1 3.8 0.0298538 144.411 12
76 1 3.8 0.0383119 105.314 17
76 1 3.8 0.0491662 90.1557 21
76 1 3.8 0.0630957 73.9737 27
76 2 3.8 0.00316228 -20.1008 1
76 2 3.8 0.0040582 51.8425 1
76 2 3.8 0.00520795 -57.0219 2
76 2 3.8 0.00668344 9.84297 1
76 2 3.8 0.00857696 11.0209 3
76 2 3.8 0.0110069 25.3225 3
76 2 3.8 0.0141254 15.5484 3
76 2 3.8 0.0181273 34.4397 5
76 2 3.8 0.0232631 39.1216 6
76 2 3.8 0.0298538 54.0502 8
76 2 3.8 0.0383119 14.8304 10
76 2 3.8 0.0491662 25.5546 13
76 2 3.8 0.0630957 18.2224 17
81 0 3.8 0.00316228 6.92207 2
81 0 3.8 0.0040582 111.903 2
81 0 3.8 0.00520795 53.4049 2
81 0 3.8 0.00668344 466.066 4
81 0 3.8 0.00857696 225.025 4
81 0 3.8 0.0110069 324.053 5
81 0 3.8 0.0141254 516.322 7
81 0 3.8 0.0181273 311.349 9
81 0 3.8 0.0232631 309.385 12
81 0 3.8 0.0298538 417.763 15
81 0 3.8 0.0383119 228.848 19
81 0 3.8 0.0491662 226.957 24
81 0 3.8 0.0630957 198.108 32
81 1 3.8 0.00316228 0 0
81 1 3.8 0.0040582 79.2192 1
81 1 3.8 0.00520795 121.318 1
81 1 3.8 0.00668344 118.815 2
81 1 3.8 0.00857696 67.4515 1
81 1 3.8 0.0110069 202.373 3
81 1 3.8 0.0141254 146.418 2
81 1 3.8 0.0181273 52.4626 4
81 1 3.8 0.0232631 184.359 5
81 1 3.8 0.0298538 64.4678 6
81 1 3.8 0.0383119 87.5385 7
81 1 3.8 0.0491662 70.2008 10
81 1 3.8 0.0630957 50.1915 13
81 2 3.8 0.00316228 0 0
81 2 3.8 0.0040582 20.1173 1
81 2 3.8 0.00520795 68.692 1
81 2 3.8 0.00668344 135.827 2
81 2 3.8 0.00857696 17.1147 1
81 2 3.8 0.0110069 147.897 3
81 2 3.8 0.0141254 159.24 2
81 2 3.8 0.0181273 30.6336 4
81 2 3.8 0.0232631 23.5188 5
81 2 3.8 0.0298538 22.1213 6
81 2 3.8 0.0383119 71.1401 7
81 2 3.8 0.0491662 35.8915 10
81 2 3.8 0.0630957 20.1198 13
85 0 3.8 0.00316228 381.659 2
85 0 3.8 0.0040582 101.293 2
85 0 3.8 0.00520795 98.7954 2
85 0 3.8 0.00668344 176.601 4
85 0 3.8 0.00857696 229.119 4
85 0 3.8 0.0110069 154.587 5
85 0 3.8 0.0141254 261.645 7
85 0 3.8 0.0181273 105.937 9
85 0 3.8 0.0232631 165.235 12
85 0 3.8 0.0298538 67.4148 15
85 0 3.8 0.0383119 112.036 19
85 0 3.8 0.0491662 205.951 24
85 0 3.8 0.0630957 123.474 32
86 0 3.8 0.00316228 164.213 2
86 0 3.8 0.0040582 248.829 2
86 0 3.8 0.00520795 116.519 2
86 0 3.8 0.00668344 158.614 4
86 0 3.8 0.00857696 331.713 4
86 0 3.8 0.0110069 277.293 5
86 0 3.8 0.0141254 180.475 7
86 0 3.8 0.0181273 358.177 9
86 0 3.8 0.0232631 306.856 12
86 0 3.8 0.0298538 167.233 15
86 0 3.8 0.0383119 184.434 19
86 0 3.8 0.0491662 58.0524 24
86 0 3.8 0.0630957 118.943 32
91 0 3.8 0.00316228 163.24 2
91 0 3.8 0.0040582 118.398 2
91 0 3.8 0.00520795 146.109 2
91 0 3.8 0.00668344 130.483 4
91 0 3.8 0.00857696 141.605 4
91 0 3.8 0.0110069 154.243 5
91 0 3.8 0.0141254 288.969 7
91 0 3.8 0.0181273 206.145 9
91 0 3.8 0.0232631 251.616 12
91 0 3.8 0.0298538 246.473 15
91 0 3.8 0.0383119 184.701 19
91 0 3.8 0.0491662 203.457 24
91 0 3.8 0.0630957 138.482 32
92 0 3.8 0.00316228 89.5688 2
92 0 3.8 0.0040582 52.2684 2
92 0 3.8 0.00520795 175.038 2
92 0 3.8 0.00668344 146.464 4
92 0 3.8 0.00857696 109.866 4
92 0 3.8 0.0110069 235.552 5
92 0 3.8 0.0141254 410.334 7
92 0 3.8 0.0181273 294.422 9
92 0 3.8 0.0232631 306.421 12
92 0 3.8 0.0298538 224.973 15
92 0 3.8 0.0383119 276.519 19
92 0 3.8 0.0491662 304.439 24
92 0 3.8 0.0630957 237.852 31
93 0 3.8 0.00316228 133.09 2
93 0 3.8 0.0040582 86.4786 2
93 0 3.8 0.00520795 149.261 2
93 0 3.8 0.00668344 62.065 4
93 0 3.8 0.00857696 272.98 4
93 0 3.8 0.0110069 221.126 5
93 0 3.8 0.0141254 467.436 7
93 0 3.8 0.0181273 468.372 9
93 0 3.8 0.0232631 426.561 12
93 0 3.8 0.0298538 140.04 15
93 0 3.8 0.0383119 274.6 19
93 0 3.8 0.0491662 246.207 24
93 0 3.8 0.0630957 199.389 32
95 0 3.8 0.00316228 49.2568 1
95 0 3.8 0.0040582 88.6055 2
95 0 3.8 0.00520795 28.0915 2
95 0 3.8 0.00668344 263.793 2
95 0 3.8 0.00857696 90.1396 3
95 0 3.8 0.0110069 66.7092 4
95 0 3.8 0.0141254 70.1234 4
95 0 3.8 0.0181273 35.8205 7
95 0 3.8 0.0232631 124.907 8
95 0 3.8 0.0298538 120.391 10
95 0 3.8 0.0383119 63.6325 13
95 0 3.8 0.0491662 56.6771 17
95 0 3.8 0.0630957 39.2502 21
96 0 3.8 0.00316228 95.438 1
96 0 3.8 0.0040582 342.55 2
96 0 3.8 0.00520795 198.644 2
96 0 3.8 0.00668344 172.533 2
96 0 3.8 0.00857696 289.038 3
96 0 3.8 0.0110069 180.407 4
96 0 3.8 0.0141254 186.059 5
96 0 3.8 0.0181273 54.0899 6
96 0 3.8 0.0232631 131.638 8
96 0 3.8 0.0298538 226.391 11
96 0 3.8 0.0383119 240.859 13
96 0 3.8 0.0491662 201.315 17
96 0 3.8 0.0630957 127.35 22
97 0 3.8 0.00316228 25.6723 2
97 0 3.8 0.0040582 168.574 2
97 0 3.8 0.00520795 146.311 2
97 0 3.8 0.00668344 334.606 4
97 0 3.8 0.00857696 60.941 4
97 0 3.8 0.0110069 202.378 5
97 0 3.8 0.0141254 496.289 7
97 0 3.8 0.0181273 215.89 9
97 0 3.8 0.0232631 296.658 12
97 0 3.8 0.0298538 425.788 15
97 0 3.8 0.0383119 278.69 19
97 0 3.8 0.0491662 239.536 24
97 0 3.8 0.0630957 122.328 32
81 0 4 0.00316228 0 0
81 0 4 0.0040582 359.963 1
81 0 4 0.00520795 0 0
81 0 4 0.00668344 0 0
81 0 4 0.00857696 33.4174 1
81 0 4 0.0110069 1.0599 1
81 0 4 0.0141254 0 0
81 0 4 0.0181273 45.5325 2
81 0 4 0.0232631 8.13568 1
81 0 4 0.0298538 29.909 2
81 0 4 0.0383119 28.5641 2
81 0 4 0.0491662 11.8566 3
81 0 4 0.0630957 11.3765 4
81 1 4 0.00316228 287.076 1
81 1 4 0.0040582 311.121 1
81 1 4 0.00520795 36.9945 1
81 1 4 0.00668344 84.5773 1
81 1 4 0.00857696 75.9893 2
81 1 4 0.0110069 175.895 3
81 1 4 0.0141254 67.4007 3
81 1 4 0.0181273 63.7295 4
81 1 4 0.0232631 113.583 6
81 1 4 0.0298538 155.422 7
81 1 4 0.0383119 105.671 8
81 1 4 0.0491662 121.109 12
81 1 4 0.0630957 56.5229 14
81 2 4 0.00316228 0 0
81 2 4 0.0040582 309.758 1
81 2 4 0.00520795 0 0
81 2 4 0.00668344 0 0
81 2 4 0.00857696 -16.6009 1
81 2 4 0.0110069 2.58321 1
81 2 4 0.0141254 0 0
81 2 4 0.0181273 14.2457 2
81 2 4 0.0232631 3.21515 1
81 2 4 0.0298538 -12.0342 2
81 2 4 0.0383119 7.66753 2
81 2 4 0.0491662 -0.313249 3
81 2 4 0.0630957 1.24329 4
85 0 4 0.00316228 376.182 1
85 0 4 0.0040582 78.8674 2
85 0 4 0.00520795 220.673 2
85 0 4 0.00668344 89.5572 2
85 0 4 0.00857696 191.039 3
85 0 4 0.0110069 126.969 3
85 0 4 0.0141254 133.061 5
85 0 4 0.0181273 73.9455 6
85 0 4 0.0232631 319.573 8
85 0 4 0.0298538 183.909 10
85 0 4 0.0383119 149.524 13
85 0 4 0.0491662 143.384 17
85 0 4 0.0630957 116.768 22
85 1 4 0.00316228 191.337 1
85 1 4 0.0040582 351.485 2
85 1 4 0.00520795 224.563 2
85 1 4 0.00668344 150.323 3
85 1 4 0.00857696 91.9834 3
85 1 4 0.0110069 194.738 4
85 1 4 0.0141254 334.705 6
85 1 4 0.0181273 266.019 7
85 1 4 0.0232631 171.014 10
85 1 4 0.0298538 150.497 12
85 1 4 0.0383119 144.265 15
85 1 4 0.0491662 136.127 20
85 1 4 0.0630957 109.494 25
85 2 4 0.00316228 245.401 1
85 2 4 0.0040582 -17.8359 1
85 2 4 0.00520795 210.753 2
85 2 4 0.00668344 -22.8333 1
85 2 4 0.00857696 -4.76411 3
85 2 4 0.0110069 -15.3098 3
85 2 4 0.0141254 131.881 3
85 2 4 0.0181273 65.2646 5
85 2 4 0.0232631 65.0966 6
85 2 4 0.0298538 21.1881 8
85 2 4 0.0383119 46.2126 10
85 2 4 0.0491662 21.5772 13
85 2 4 0.0630957 -10.177 17
86 0 4 0.00316228 97.5077 1
86 0 4 0.0040582 276.662 1
86 0 4 0.00520795 73.5097 2
86 0 4 0.00668344 239.324 3
86 0 4 0.00857696 308.285 3
86 0 4 0.0110069 140.519 4
86 0 4 0.0141254 357.945 5
86 0 4 0.0181273 400.037 7
86 0 4 0.0232631 168.524 8
86 0 4 0.0298538 249.723 11
86 0 4 0.0383119 291.905 14
86 0 4 0.0491662 112.857 18
86 0 4 0.0630957 134.605 23
86 1 4 0.00316228 17.915 1
86 1 4 0.0040582 68.0459 1
86 1 4 0.00520795 37.9452 2
86 1 4 0.00668344 161.636 3
86 1 4 0.00857696 60.0084 3
86 1 4 0.0110069 331.117 4
86 1 4 0.0141254 109.71 5
86 1 4 0.0181273 169.319 7
86 1 4 0.0232631 413.987 9
86 1 4 0.0298538 366.698 11
86 1 4 0.0383119 291.776 14
86 1 4 0.0491662 168.514 19
86 1 4 0.0630957 109.53 23
86 2 4 0.00316228 -7.41266 1
86 2 4 0.0040582 -29.5759 1
86 2 4 0.00520795 -13.9631 2
86 2 4 0.00668344 48.8562 1
86 2 4 0.00857696 75.4666 3
86 2 4 0.0110069 7.7635 3
86 2 4 0.0141254 47.9118 3
86 2 4 0.0181273 120.57 5
86 2 4 0.0232631 100.961 6
86 2 4 0.0298538 106.704 8
86 2 4 0.0383119 120.291 10
86 2 4 0.0491662 14.1462 13
86 2 4 0.0630957 16.1828 17
91 0 4 0.00316228 257.218 1
91 0 4 0.0040582 98.6655 2
91 0 4 0.00520795 255.409 3
91 0 4 0.00668344 184.7 3
91 0 4 0.00857696 296.546 4
91 0 4 0.0110069 399.544 5
91 0 4 0.0141254 329.493 7
91 0 4 0.0181273 364.36 9
91 0 4 0.0232631 386.647 11
91 0 4 0.0298538 161.409 14
91 0 4 0.0383119 177.552 18
91 0 4 0.0491662 234.154 24
91 0 4 0.0630957 157.066 30
91 1 4 0.00316228 4.83517 1
91 1 4 0.0040582 8.75408 1
91 1 4 0.00520795 4.11747 1
91 1 4 0.00668344 50.4663 2
91 1 4 0.00857696 16.4709 2
91 1 4 0.0110069 134.847 3
91 1 4 0.0141254 32.3277 3
91 1 4 0.0181273 72.3234 5
91 1 4 0.0232631 89.9591 6
91 1 4 0.0298538 37.3038 7
91 1 4 0.0383119 25.4163 9
91 1 4 0.0491662 84.5404 13
91 1 4 0.0630957 21.7496 15
91 2 4 0.00316228 4.80194 1
91 2 4 0.0040582 -2.58083 1
91 2 4 0.00520795 16.2378 1
91 2 4 0.00668344 0.0649002 2
91 2 4 0.00857696 46.046 2
91 2 4 0.0110069 134.914 3
91 2 4 0.0141254 4.41587 3
91 2 4 0.0181273 55.7586 5
91 2 4 0.0232631 65.603 6
91 2 4 0.0298538 10.5927 7
91 2 4 0.0383119 10.3534 9
91 2 4 0.0491662 42.6626 13
91 2 4 0.0630957 13.3747 15
92 0 4 0.00316228 456.651 1
92 0 4 0.0040582 207.533 2
92 0 4 0.00520795 58.8964 3
92 0 4 0.00668344 69.6677 3
92 0 4 0.00857696 260.642 4
92 0 4 0.0110069 118.641 5
92 0 4 0.0141254 99.4859 7
92 0 4 0.0181273 217.699 9
92 0 4 0.0232631 262.304 11
92 0 4 0.0298538 362.247 14
92 0 4 0.0383119 225.388 18
92 0 4 0.0491662 207.428 24
92 0 4 0.0630957 174.845 30
92 1 4 0.00316228 0 0
92 1 4 0.0040582 98.5182 1
92 1 4 0.00520795 50.1759 1
92 1 4 0.00668344 70.7903 2
92 1 4 0.00857696 321.228 2
92 1 4 0.0110069 253.648 2
92 1 4 0.0141254 101.677 3
92 1 4 0.0181273 35.071 4
92 1 4 0.0232631 49.856 5
92 1 4 0.0298538 48.1177 6
92 1 4 0.0383119 27.7542 8
92 1 4 0.0491662 26.6876 10
92 1 4 0.0630957 64.4487 13
92 2 4 0.00316228 0 0
92 2 4 0.0040582 147.366 1
92 2 4 0.00520795 16.7082 1
92 2 4 0.00668344 46.5791 2
92 2 4 0.00857696 186.672 2
92 2 4 0.0110069 22.9969 2
92 2 4 0.0141254 2.54175 3
92 2 4 0.0181273 14.8417 4
92 2 4 0.0232631 47.604 4
92 2 4 0.0298538 0.161652 7
92 2 4 0.0383119 15.3937 8
92 2 4 0.0491662 17.3701 10
92 2 4 0.0630957 53.5194 13
93 0 4 0.00316228 126.861 1
93 0 4 0.0040582 214.117 2
93 0 4 0.00520795 224.948 3
93 0 4 0.00668344 425.7 3
93 0 4 0.00857696 182.463 4
93 0 4 0.0110069 198.398 5
93 0 4 0.0141254 90.0021 7
93 0 4 0.0181273 400.789 9
93 0 4 0.0232631 199.631 11
93 0 4 0.0298538 129.637 14
93 0 4 0.0383119 226.677 18
93 0 4 0.0491662 156.345 24
93 0 4 0.0630957 152.267 30
95 0 4 0.00316228 102.762 1
95 0 4 0.0040582 123.512 2
95 0 4 0.00520795 295.387 3
95 0 4 0.00668344 292.722 3
95 0 4 0.00857696 482.225 4
95 0 4 0.0110069 267.846 5
95 0 4 0.0141254 341.654 7
95 0 4 0.0181273 314.192 9
95 0 4 0.0232631 242.783 11
95 0 4 0.0298538 216.726 14
95 0 4 0.0383119 285.615 18
95 0 4 0.0491662 169.622 24
95 0 4 0.0630957 130.181 30
96 0 4 0.00316228 55.233 1
96 0 4 0.0040582 169.639 2
96 0 4 0.00520795 72.236 3
96 0 4 0.00668344 99.7508 3
96 0 4 0.00857696 198.409 4
96 0 4 0.0110069 152.387 5
96 0 4 0.0141254 176.337 7
96 0 4 0.0181273 240.486 9
96 0 4 0.0232631 151.166 11
96 0 4 0.0298538 207.506 14
96 0 4 0.0383119 191.875 18
96 0 4 0.0491662 133.375 24
96 0 4 0.0630957 84.4978 30
97 0 4 0.00316228 22.4771 1
97 0 4 0.0040582 112.187 2
97 0 4 0.00520795 171.839 3
97 0 4 0.00668344 177.311 3
97 0 4 0.00857696 352.038 4
97 0 4 0.0110069 309.592 5
97 0 4 0.0141254 371.144 7
97 0 4 0.0181273 246.032 9
97 0 4 0.0232631 130.375 11
97 0 4 0.0298538 307.182 14
97 0 4 0.0383119 280.706 18
97 0 4 0.0491662 239.415 24
97 0 4 0.0630957 193.205 30
86 1 4.2 0.00316228 0 0
86 1 4.2 0.0040582 56.6954 1
86 1 4.2 0.00520795 0 0
86 1 4.2 0.00668344 0 0
86 1 4.2 0.00857696 185.965 1
86 1 4.2 0.0110069 0 0
86 1 4.2 0.0141254 202.444 1
86 1 4.2 0.0181273 188.058 1
86 1 4.2 0.0232631 34.0153 2
86 1 4.2 0.0298538 47.0511 1
86 1 4.2 0.0383119 46.7061 3
86 1 4.2 0.0491662 30.0621 2
86 1 4.2 0.0630957 25.6298 4
91 1 4.2 0.00316228 0 0
91 1 4.2 0.0040582 3.85237 1
91 1 4.2 0.00520795 187.849 1
91 1 4.2 0.00668344 23.5756 1
91 1 4.2 0.00857696 75.5633 2
91 1 4.2 0.0110069 138.071 2
91 1 4.2 0.0141254 112.126 2
91 1 4.2 0.0181273 207.443 4
91 1 4.2 0.0232631 108.624 4
91 1 4.2 0.0298538 190.926 5
91 1 4.2 0.0383119 196.227 7
91 1 4.2 0.0491662 100.086 9
91 1 4.2 0.0630957 175.62 12
92 0 4.2 0.00316228 0 0
92 0 4.2 0.0040582 0.37696 1
92 0 4.2 0.00520795 0 0
92 0 4.2 0.00668344 0 0
92 0 4.2 0.00857696 104.617 1
92 0 4.2 0.0110069 0 0
92 0 4.2 0.0141254 41.9273 1
92 0 4.2 0.0181273 121.292 1
92 0 4.2 0.0232631 76.1254 1
92 0 4.2 0.0298538 188.664 2
92 0 4.2 0.0383119 21.7351 2
92 0 4.2 0.0491662 65.6498 3
92 0 4.2 0.0630957 30.8743 3
92 1 4.2 0.00316228 38.9024 1
92 1 4.2 0.0040582 47.5017 1
92 1 4.2 0.00520795 28.1488 1
92 1 4.2 0.00668344 13.4999 1
92 1 4.2 0.00857696 11.1222 2
92 1 4.2 0.0110069 20.0578 3
92 1 4.2 0.0141254 10.6422 3
92 1 4.2 0.0181273 12.9171 4
92 1 4.2 0.0232631 40.8977 5
92 1 4.2 0.0298538 138.558 7
92 1 4.2 0.0383119 119.153 8
92 1 4.2 0.0491662 105.74 11
92 1 4.2 0.0630957 38.6811 14
92 2 4.2 0.00316228 0 0
92 2 4.2 0.0040582 0 0
92 2 4.2 0.00520795 0.229681 1
92 2 4.2 0.00668344 0 0
92 2 4.2 0.00857696 -5.72472 1
92 2 4.2 0.0110069 0 0
92 2 4.2 0.0141254 1.49292 1
92 2 4.2 0.0181273 -5.2941 1
92 2 4.2 0.0232631 3.49235 1
92 2 4.2 0.0298538 0.102513 2
92 2 4.2 0.0383119 0.32757 2
92 2 4.2 0.0491662 1.90079 3
92 2 4.2 0.0630957 -0.116866 3
93 0 4.2 0.00316228 168.007 1
93 0 4.2 0.0040582 66.0449 1
93 0 4.2 0.00520795 359.66 1
93 0 4.2 0.00668344 43.2353 2
93 0 4.2 0.00857696 312.452 3
93 0 4.2 0.0110069 349.872 3
93 0 4.2 0.0141254 620.055 4
93 0 4.2 0.0181273 321.814 6
93 0 4.2 0.0232631 456.146 7
93 0 4.2 0.0298538 320.059 8
93 0 4.2 0.0383119 340.596 12
93 0 4.2 0.0491662 194.332 14
93 0 4.2 0.0630957 114.419 19
93 1 4.2 0.00316228 557.304 2
93 1 4.2 0.0040582 52.3044 1
93 1 4.2 0.00520795 156.758 3
93 1 4.2 0.00668344 48.4454 2
93 1 4.2 0.00857696 417.956 4
93 1 4.2 0.0110069 458.114 5
93 1 4.2 0.0141254 247.219 6
93 1 4.2 0.0181273 444.001 8
93 1 4.2 0.0232631 261.763 10
93 1 4.2 0.0298538 103.318 12
93 1 4.2 0.0383119 344.698 17
93 1 4.2 0.0491662 457.727 21
93 1 4.2 0.0630957 325.822 27
93 2 4.2 0.00316228 256.207 1
93 2 4.2 0.0040582 30.2108 1
93 2 4.2 0.00520795 4.48229 2
93 2 4.2 0.00668344 48.4302 1
93 2 4.2 0.00857696 187.591 3
93 2 4.2 0.0110069 81.9201 3
93 2 4.2 0.0141254 264.94 3
93 2 4.2 0.0181273 207.176 5
93 2 4.2 0.0232631 145.125 6
93 2 4.2 0.0298538 21.9114 8
93 2 4.2 0.0383119 75.7497 10
93 2 4.2 0.0491662 86.7609 13
93 2 4.2 0.0630957 26.3277 17
95 0 4.2 0.00316228 15.7826 1
95 0 4.2 0.0040582 258.356 1
95 0 4.2 0.00520795 173.445 2
95 0 4.2 0.00668344 215.572 2
95 0 4.2 0.00857696 30.3209 2
95 0 4.2 0.0110069 336.058 4
95 0 4.2 0.0141254 280.258 4
95 0 4.2 0.0181273 306.305 6
95 0 4.2 0.0232631 272.029 7
95 0 4.2 0.0298538 196.665 9
95 0 4.2 0.0383119 133.758 12
95 0 4.2 0.0491662 52.9268 15
95 0 4.2 0.0630957 139.459 19
95 1 4.2 0.00316228 167.917 1
95 1 4.2 0.0040582 512.81 2
95 1 4.2 0.00520795 431.365 2
95 1 4.2 0.00668344 338.279 3
95 1 4.2 0.00857696 199.868 4
95 1 4.2 0.0110069 380.312 4
95 1 4.2 0.0141254 631.496 6
95 1 4.2 0.0181273 223.509 8
95 1 4.2 0.0232631 378.236 9
95 1 4.2 0.0298538 411.847 13
95 1 4.2 0.0383119 313.052 15
95 1 4.2 0.0491662 237.68 21
95 1 4.2 0.0630957 231.119 26
95 2 4.2 0.00316228 47.2035 1
95 2 4.2 0.0040582 84.6425 1
95 2 4.2 0.00520795 81.6725 2
95 2 4.2 0.00668344 53.9443 1
95 2 4.2 0.00857696 84.9599 3
95 2 4.2 0.0110069 217.391 3
95 2 4.2 0.0141254 104.225 3
95 2 4.2 0.0181273 86.6385 5
95 2 4.2 0.0232631 70.9263 6
95 2 4.2 0.0298538 148.638 8
95 2 4.2 0.0383119 31.1496 10
95 2 4.2 0.0491662 -1.67938 13
95 2 4.2 0.0630957 38.6172 16
96 0 4.2 0.00316228 432.467 2
96 0 4.2 0.0040582 224.307 1
96 0 4.2 0.00520795 599.021 3
96 0 4.2 0.00668344 602.955 3
96 0 4.2 0.00857696 104.246 3
96 0 4.2 0.0110069 239.268 5
96 0 4.2 0.0141254 543.774 6
96 0 4.2 0.0181273 246.94 8
96 0 4.2 0.0232631 550.76 10
96 0 4.2 0.0298538 528.657 13
96 0 4.2 0.0383119 316.843 17
96 0 4.2 0.0491662 329.738 21
96 0 4.2 0.0630957 350.42 28
96 1 4.2 0.00316228 102.803 1
96 1 4.2 0.0040582 44.6129 1
96 1 4.2 0.00520795 17.701 1
96 1 4.2 0.00668344 495.052 2
96 1 4.2 0.00857696 153.886 3
96 1 4.2 0.0110069 120.7 3
96 1 4.2 0.0141254 113.213 4
96 1 4.2 0.0181273 50.6638 5
96 1 4.2 0.0232631 157.484 7
96 1 4.2 0.0298538 242.929 8
96 1 4.2 0.0383119 259.859 11
96 1 4.2 0.0491662 155.439 15
96 1 4.2 0.0630957 113.094 18
96 2 4.2 0.00316228 -37.8939 1
96 2 4.2 0.0040582 113.728 1
96 2 4.2 0.00520795 200.514 2
96 2 4.2 0.00668344 285.614 1
96 2 4.2 0.00857696 33.326 3
96 2 4.2 0.0110069 49.5638 3
96 2 4.2 0.0141254 -51.4339 3
96 2 4.2 0.0181273 28.247 5
96 2 4.2 0.0232631 17.7455 6
96 2 4.2 0.0298538 222.1 8
96 2 4.2 0.0383119 4.46945 10
96 2 4.2 0.0491662 74.8322 13
96 2 4.2 0.0630957 41.0128 17
97 0 4.2 0.00316228 687.844 2
97 0 4.2 0.0040582 425.207 2
97 0 4.2 0.00520795 93.7142 2
97 0 4.2 0.00668344 428.936 3
97 0 4.2 0.00857696 536.137 4
97 0 4.2 0.0110069 159.61 5
97 0 4.2 0.0141254 218.503 6
97 0 4.2 0.0181273 397.099 8
97 0 4.2 0.0232631 316.293 10
97 0 4.2 0.0298538 390.27 13
97 0 4.2 0.0383119 457.775 17
97 0 4.2 0.0491662 293.375 22
97 0 4.2 0.0630957 172.41 28
97 1 4.2 0.00316228 286.962 1
97 1 4.2 0.0040582 110.518 1
97 1 4.2 0.00520795 175.049 1
97 1 4.2 0.00668344 128.066 2
97 1 4.2 0.00857696 63.7072 2
97 1 4.2 0.0110069 253.616 3
97 1 4.2 0.0141254 399.179 4
97 1 4.2 0.0181273 541.068 5
97 1 4.2 0.0232631 298.744 7
97 1 4.2 0.0298538 175.07 8
97 1 4.2 0.0383119 171.178 11
97 1 4.2 0.0491662 168.524 14
97 1 4.2 0.0630957 187.56 17
97 2 4.2 0.00316228 130.71 1
97 2 4.2 0.0040582 133.098 1
97 2 4.2 0.00520795 152.362 2
97 2 4.2 0.00668344 44.6412 1
97 2 4.2 0.00857696 -83.1976 3
97 2 4.2 0.0110069 65.9352 3
97 2 4.2 0.0141254 68.1278 3
97 2 4.2 0.0181273 183.315 5
97 2 4.2 0.0232631 139.715 6
97 2 4.2 0.0298538 63.608 8
97 2 4.2 0.0383119 39.2152 10
97 2 4.2 0.0491662 36.2285 13
97 2 4.2 0.0630957 15.069 17
