k,z,paa,err_paa,N_aa,ptt,err_ptt,N_tt,pab,err_pab,N_ab,pbb,err_pbb
0.00316227766016838,3.0,39.18338015778514,5.841900867613849,37.0,,,0.0,,,0.0,,
0.004058198942243799,3.0,43.8684241210665,5.042388158914896,50.0,,,0.0,,,0.0,,
0.005207948328595465,3.0,32.11856326356407,2.664687761811217,69.0,,,0.0,,,0.0,,
0.006683439175686149,3.0,24.41089594683681,2.7329164910259873,83.0,,,0.0,,,0.0,,
0.008576958985908946,3.0,21.81217294075468,1.8722871886944112,105.0,,,0.0,,,0.0,,
0.011006941712522098,3.0,22.49170615277658,1.9465905453410348,135.0,,,0.0,,,0.0,,
0.01412537544622754,3.0,18.31804396930357,1.309506837485492,174.0,,,0.0,,,0.0,,
0.018127308811846987,3.0,13.499074526535235,1.0910248268625906,229.0,,,0.0,,,0.0,,
0.02326305067153626,3.0,10.193878019105913,0.6331800846085534,284.0,,,0.0,,,0.0,,
0.029853826189179606,3.0,7.061265141183551,0.4629454240196058,370.0,,,0.0,,,0.0,,
0.03831186849557289,3.0,4.990697701957712,0.2740110428048951,474.0,,,0.0,,,0.0,,
0.04916620262745643,3.0,2.9742291660305016,0.1564400686461526,612.0,,,0.0,,,0.0,,
0.06309573444801933,3.0,1.4280020958863917,0.07800183396954803,780.0,,,0.0,,,0.0,,
0.00316227766016838,3.2,54.46236019414246,6.561588712712537,86.0,,,0.0,,,0.0,,
0.004058198942243799,3.2,46.754350199142245,5.721607205435598,95.0,,,0.0,,,0.0,,
0.005207948328595465,3.2,41.951901758671994,3.53915932634288,132.0,,,0.0,,,0.0,,
0.006683439175686149,3.2,34.17843054420618,3.066067060980085,180.0,,,0.0,,,0.0,,
0.008576958985908946,3.2,30.4639678653265,1.794987234238875,221.0,,,0.0,,,0.0,,
0.011006941712522098,3.2,24.920527908957528,1.5742418286028446,271.0,,,0.0,,,0.0,,
0.01412537544622754,3.2,19.910619906774656,1.000630691146525,358.0,,,0.0,,,0.0,,
0.018127308811846987,3.2,15.610722581079068,0.6562521829506363,449.0,,,0.0,,,0.0,,
0.02326305067153626,3.2,13.16704691813992,0.7041844885486295,583.0,,,0.0,,,0.0,,
0.029853826189179606,3.2,9.217304758789606,0.3785852807488969,764.0,,,0.0,,,0.0,,
0.03831186849557289,3.2,6.903077357740348,0.24714028732169246,984.0,,,0.0,,,0.0,,
0.04916620262745643,3.2,3.994867278921213,0.15215156813733027,1251.0,,,0.0,,,0.0,,
0.06309573444801933,3.2,2.110175074036981,0.08147200880504976,1608.0,,,0.0,,,0.0,,
0.00316227766016838,3.4,61.14042974804287,7.397954798400472,76.0,58.073766477279555,11.080362146849806,29.0,34.936667497255286,9.401901960271259,22.0,,
0.004058198942243799,3.4,46.22289624039823,3.7328774919485457,128.0,30.444393767779736,5.412967088694616,21.0,27.04020732787571,9.332121229890378,19.0,,
0.005207948328595465,3.4,53.26203520515565,3.7841281141216094,181.0,44.25143917911678,5.536673246602167,44.0,23.343809754450398,4.695071041757313,38.0,,
0.006683439175686149,3.4,40.59074103845735,2.3365869220276636,241.0,31.070516330553797,3.3460447327904634,50.0,19.247146058334067,6.635729458361961,29.0,,
0.008576958985908946,3.4,35.0486936054772,1.9954714100412325,297.0,38.35337551725193,5.799851964065563,60.0,23.51556320952065,4.602166525207668,54.0,,
0.011006941712522098,3.4,30.91627041976049,1.9483922410009205,370.0,32.16278364187571,4.098658682938529,87.0,16.504200894244107,3.3878203383299366,63.0,,
0.01412537544622754,3.4,24.059961087863712,1.0777893727476708,448.0,21.42515449423901,2.0831755624781647,99.0,12.330585218370896,2.3926423098639855,73.0,,
0.018127308811846987,3.4,21.647846466281518,0.8068358665568933,612.0,18.0140878466872,1.5271886088493154,135.0,9.446978781033103,1.3435488648910796,105.0,,
0.02326305067153626,3.4,16.4512356820457,0.6536109408297012,796.0,13.425499200518622,0.9602816714344327,174.0,7.250689192653057,1.1323181560598548,128.0,,
0.029853826189179606,3.4,11.530603172646346,0.3790964013243223,992.0,9.39379136069618,0.5189927722999098,220.0,4.849658583866846,0.7663700317968263,166.0,,
0.03831186849557289,3.4,8.192923186784501,0.2811504398172746,1290.0,6.350519232328929,0.4205967539488533,282.0,3.320804411518015,0.3889664714165093,218.0,,
0.04916620262745643,3.4,5.392558646798243,0.18082299801693272,1621.0,3.5436182240503715,0.22679797384980252,366.0,1.712520991923042,0.20819646761246235,276.0,,
0.06309573444801933,3.4,3.0993471994320334,0.1134157271435052,2139.0,2.2086112647667147,0.1977007990926296,466.0,0.6541132048698401,0.09289896923552751,350.0,,
0.00316227766016838,3.6,68.10526049414774,7.435992545115436,101.0,64.16090870921454,8.865540393830543,35.0,40.0871510701894,13.195089966721342,17.0,,
0.004058198942243799,3.6,60.643924705774914,4.9451962853727105,116.0,49.318126458651065,4.686206341498695,36.0,33.512204659306285,10.577638536260764,20.0,,
0.005207948328595465,3.6,51.47045389654853,4.3526332139185255,162.0,50.67993045309744,6.402567987078467,58.0,15.405793927926235,6.1963029659483935,30.0,,
0.006683439175686149,3.6,43.93449961991131,2.983822361725254,172.0,45.45803795682538,6.047023722951491,72.0,21.971475751396408,6.130146739841964,25.0,,
0.008576958985908946,3.6,45.03210583953208,2.5131510174209564,271.0,38.17908621761454,3.56236616873177,91.0,24.307723243998733,4.896349013010598,49.0,,
0.011006941712522098,3.6,38.67713113392555,2.283234254099242,295.0,29.248906546340386,2.749489727852601,119.0,18.318885555523867,4.055355866862424,55.0,,
0.01412537544622754,3.6,29.872860105565163,1.462015305078107,430.0,28.21079028840811,2.0862431618332646,149.0,14.286276943670336,1.8627684754181335,67.0,,
0.018127308811846987,3.6,24.75687107666491,1.1562650921000184,506.0,22.184371911531986,1.5903446842429907,190.0,14.204101654144356,2.5151991124570197,90.0,,
0.02326305067153626,3.6,20.437778949318837,0.7755409618868857,672.0,18.584324842667503,1.0907898412347372,253.0,10.080619145511703,1.085738279732368,116.0,,
0.029853826189179606,3.6,15.432536882622864,0.5597685100875288,888.0,13.863028972789365,0.9305455970614384,316.0,7.077463654137458,0.610368295761697,150.0,,
0.03831186849557289,3.6,10.683546357929828,0.3911351358245163,1111.0,8.75455681058578,0.9667486763589669,404.0,3.02149912251832,0.8336213176730557,188.0,,
0.04916620262745643,3.6,8.227410357985795,0.27825248147852333,1408.0,6.212679066452161,1.5611880757967183,523.0,1.7093531354674358,0.167879287559579,245.0,,
0.06309573444801933,3.6,5.2196775605794175,0.20738808486322174,1834.0,5.095257610350094,2.217416046675161,674.0,0.7276978052843938,0.15489411080459292,308.0,,
0.00316227766016838,3.8,94.25791853598083,10.577279748672439,91.0,106.14150540309154,22.85010497704563,17.0,59.924520163203404,24.43201092675957,14.0,66.95812524530639,23.585061017708494
0.004058198942243799,3.8,86.19847470714312,9.179575309592297,97.0,78.26139221291027,12.887052988320603,29.0,48.543212504489745,13.191106910012405,16.0,34.39296809184376,13.838418011786901
0.005207948328595465,3.8,67.32752381489914,7.183075892496553,110.0,50.91319800272336,7.3774544342830115,37.0,20.645187839089804,7.7538009913207775,30.0,18.794634739159285,7.843940004734135
0.006683439175686149,3.8,58.66540231177656,3.8860856887812085,193.0,54.17490379334586,9.188183801601493,46.0,40.39230030651525,16.73751827698723,19.0,29.764007846509053,9.586008247385033
0.008576958985908946,3.8,53.16608955319962,3.387903369617884,201.0,48.50629639692252,6.226581552451396,60.0,27.05546247518589,5.685940737728651,45.0,26.694123456167844,6.5019825550579
0.011006941712522098,3.8,42.22560659155759,3.1853454184819414,257.0,37.2870762503326,4.25739361629051,73.0,20.483289924318203,4.49731441595512,49.0,14.795370097556017,4.68130485604626
0.01412537544622754,3.8,38.95312103808021,2.264339216400631,350.0,31.968572280728623,3.2660924636491178,99.0,21.263993343195047,4.592574077075354,52.0,13.650528311425047,3.5188305072178196
0.018127308811846987,3.8,30.96655156211421,1.8144713331076776,452.0,24.768102332272946,2.4052056587861768,127.0,13.94112904953438,3.28539645374156,82.0,11.26902780573771,2.6410886834575606
0.02326305067153626,3.8,22.34506766829032,0.7641621953525983,591.0,20.087816563787662,1.4708257529173685,156.0,11.883742994559029,1.137688591034721,95.0,9.893938544681749,1.6013261426048844
0.029853826189179606,3.8,16.246652097187365,0.7128642730425366,749.0,15.785790620692534,1.0467849437701622,205.0,6.880946787465424,1.068213211261247,129.0,8.724525479508985,1.1445860317706984
0.03831186849557289,3.8,11.418626427743394,0.3854229083619067,951.0,10.732504149889776,0.8147082430146855,263.0,3.718527869677919,0.6851952840145943,164.0,5.741806447932063,0.8595531239051498
0.04916620262745643,3.8,7.806943675096548,0.2762971437925996,1207.0,6.524105859685311,0.45543534502973365,346.0,2.2805252993397453,0.33898624424210405,210.0,3.5498766936548085,0.48155461640437575
0.06309573444801933,3.8,4.30161583342009,0.14957727081295616,1588.0,4.000417152249357,0.31719683786440056,432.0,0.8703138277249476,0.2683866685793366,261.0,2.5724150563629644,0.32664678179003653
0.00316227766016838,4.0,105.37430031259541,18.574421588373195,38.0,105.39486308715988,24.319143032029544,26.0,55.05518654521412,17.715794745268717,19.0,50.932502893017435,25.188790448274954
0.004058198942243799,4.0,89.5243591523069,9.268106363745867,70.0,80.19922724913584,12.700525722257446,39.0,33.31238044520116,12.985696312180883,21.0,33.4448770499936,13.929829239262611
0.005207948328595465,4.0,78.43481580529536,8.700330813279228,88.0,61.11560680988638,7.458896570201544,48.0,27.091980155530454,9.035000214674831,33.0,19.163705051214393,8.255954625735544
0.006683439175686149,4.0,62.66131566447754,5.938054170295464,102.0,70.56996700631366,8.1686360842108,65.0,26.086724820477734,7.877292561557459,25.0,36.39153646210747,8.72510072713764
0.008576958985908946,4.0,57.244880908187035,4.975651635243987,132.0,47.433693558690926,6.659895459118055,69.0,22.669321792776252,7.135663903048109,51.0,16.96972569336444,6.897549325482336
0.011006941712522098,4.0,50.02485649331312,4.6749420294712865,170.0,43.1651234958947,3.723945335016863,100.0,29.12291517166023,5.350798440632145,58.0,18.244595586937173,4.043019440111151
0.01412537544622754,4.0,44.245304627301,2.8149299394519725,228.0,41.82006328893622,4.061834576731205,130.0,24.364676223657735,4.050041795991865,67.0,21.90944338216156,4.183271675231426
0.018127308811846987,4.0,32.41049743546494,1.950055574352751,292.0,32.378555788278874,2.153154610275056,163.0,12.427944667189974,3.255036495674623,96.0,16.767833207199807,2.2509424033893457
0.02326305067153626,4.0,30.328888045097784,1.7103599024307783,362.0,25.42977382904803,1.8577670672244604,213.0,12.961561114438508,1.7843859882848572,119.0,12.26272691090811,1.9867496747140208
0.029853826189179606,4.0,21.465425875436637,0.933775656307017,466.0,18.372758001230906,1.2089991983822248,270.0,9.010689195914509,1.3961880942733114,153.0,9.155453242441302,1.2668882651949158
0.03831186849557289,4.0,14.469784146539295,0.6254032651095429,601.0,11.513278528466527,0.7692456278346179,347.0,5.601929652122951,0.9276431440178156,198.0,4.610201170726178,0.8079710128217004
0.04916620262745643,4.0,8.985575950762422,0.34467532781407456,784.0,7.500928892085214,0.3756134996397172,440.0,2.343067978559995,0.39041823652995983,253.0,3.5060616131640003,0.40525991758159907
0.06309573444801933,4.0,5.546780073286039,0.2456654094312203,991.0,4.824456552302903,0.25833403551582607,572.0,1.3428739518087076,0.255321832481644,321.0,2.714281478265921,0.2708766548165829
0.00316227766016838,4.2,100.64270308040928,20.282120117890063,17.0,94.98808865997931,19.47840892904236,20.0,15.674706887218974,15.11703312146478,11.0,33.84765891193643,20.8359820888331
0.004058198942243799,4.2,77.88589600230108,13.302846027615637,30.0,67.10304502739844,15.918120635464549,27.0,53.07384976089918,19.460262429433875,12.0,20.88014878700021,16.349952260942487
0.005207948328595465,4.2,103.93547761746015,14.006601193875948,30.0,97.75535910890787,12.820432875974383,29.0,61.70330903386207,14.183504935073463,21.0,44.49332390375222,13.367240729165102
0.006683439175686149,4.2,101.14915172188914,9.159779725077012,44.0,70.15449977727893,11.553040761283341,39.0,37.689516231171886,12.399638370366482,17.0,29.563758738821587,11.786958440414775
0.008576958985908946,4.2,78.85672368074384,10.803422450264792,59.0,52.161464061549985,5.825064247590101,52.0,29.17156277621495,11.219859878602998,30.0,17.112770456072795,6.157376035036708
0.011006941712522098,4.2,55.04697788168751,7.254393698503948,71.0,49.66438522722349,4.801731895626948,67.0,15.277419987951605,5.635286300853606,36.0,18.748114807462986,5.181974674028593
0.01412537544622754,4.2,42.49690231324319,4.405468618402625,99.0,44.68593109163851,5.7224183399798205,83.0,15.532454890630307,8.500915170593926,39.0,20.6259700037748,5.823031992849192
0.018127308811846987,4.2,39.23434720609726,4.433251242153005,120.0,35.71308134210351,4.455832354688587,109.0,16.189558072398185,3.151087267508697,60.0,14.065234875821991,4.528291740673546
0.02326305067153626,4.2,29.164247418167072,2.2248788829656903,155.0,28.973699233146032,1.8893243164212283,144.0,10.508884183417731,2.532579584911304,72.0,12.52246355110033,1.9991882439112203
0.029853826189179606,4.2,24.76119357838335,2.1200226996928313,202.0,21.688115114585514,1.1607498500845084,180.0,9.206219680943347,2.3501652073667216,93.0,10.157511941939164,1.2210873416624464
0.03831186849557289,4.2,14.787413475293667,1.2389798538192793,248.0,16.97712180532668,1.120265145747663,223.0,4.711882818807356,0.7899582047824361,121.0,8.784198618542177,1.1550063058643791
0.04916620262745643,4.2,9.836674226911446,0.7478594005109435,330.0,11.333661326712875,0.8459069204496972,295.0,3.522851951847815,0.7013598422262298,153.0,5.941102679914633,0.8650176152405926
0.06309573444801933,4.2,6.6766020416445,0.33467138619519904,421.0,7.2387347771971475,0.5029950574948345,378.0,1.273398738405782,0.3734320390946606,196.0,4.139387577765113,0.5156230745687415
